,Truth,Prediction
0,26.608,26.213032
1,26.622,26.232859
2,26.640001,26.250866
3,26.662,26.269041
4,26.671999,26.288996
5,26.694,26.307037
6,26.711998,26.32641
7,26.727999,26.346317
8,26.741999,26.365828
9,26.748001,26.384233
10,26.762,26.399273
11,26.778,26.413712
12,26.794,26.428944
13,26.81,26.44509
14,26.819998,26.46193
15,26.84,26.477428
16,26.85,26.494469
17,26.869999,26.510311
18,26.874,26.527636
19,26.880001,26.541882
20,26.878,26.55341
21,26.880001,26.560638
22,26.905998,26.565542
23,26.912,26.576368
24,26.92,26.587475
25,26.932,26.598074
26,26.944,26.609278
27,26.946,26.619852
28,26.952002,26.62829
29,26.966,26.635565
30,26.98,26.644321
31,26.994,26.654772
32,26.999998,26.665915
33,27.018,26.674414
34,27.119999,26.684256
35,27.32,26.71349
36,27.46,26.781961
37,27.52,26.871069
38,27.62,26.95401
39,27.599998,27.034678
40,27.539999,27.089134
41,27.66,27.110315
42,27.66,27.143572
43,27.76,27.170792
44,27.82,27.21055
45,27.7,27.255356
46,27.739998,27.264019
47,27.72,27.270449
48,27.263998,27.270397
49,27.116,27.172125
50,27.119999,27.045666
51,27.123999,26.947102
52,27.131998,26.882034
53,27.123999,26.843748
54,27.138,26.820171
55,27.144,26.809214
56,27.144,26.805391
57,27.147999,26.804218
58,27.174,26.804815
59,27.164,26.811235
60,27.179998,26.81515
61,27.201998,26.820856
62,27.22,26.830257
63,27.217999,26.841824
64,27.201998,26.850382
65,27.23,26.852564
66,27.234,26.858637
67,27.254,26.864851
68,27.278,26.87369
69,27.44,26.88589
70,27.598,26.930023
71,27.752,27.003359
72,27.868,27.096607
73,27.967999,27.194256
74,28.051998,27.288118
75,28.6,27.373905
76,28.484,27.550623
77,28.11,27.677032
78,28.142,27.679298
79,28.307999,27.65886
80,27.736,27.673609
81,27.146,27.571783
82,26.094,27.344814
83,25.126,26.924828
84,24.421999,26.249111
85,24.034,25.407167
86,23.401999,24.597921
87,23.032,23.814672
88,22.694,23.12204
89,22.51,22.521599
90,22.276001,22.039898
91,22.402,21.63576
92,21.83,21.40007
93,21.654001,21.072657
94,21.552,20.752281
95,21.335999,20.48477
96,21.366001,20.228043
97,21.496,20.052837
98,21.15,19.987484
99,20.495998,19.847557
100,20.24,19.505875
101,20.144001,19.122025
102,20.185999,18.797375
103,19.868,18.5873
104,19.798,18.351053
105,19.706001,18.147896
106,19.596,17.975422
107,19.528002,17.818388
108,19.481998,17.683605
109,19.36,17.574299
110,19.310001,17.45817
111,19.241999,17.354332
112,19.176,17.257933
113,19.147999,17.166574
114,19.05,17.0912
115,19.289999,17.006002
116,19.09,17.023779
117,18.84,16.991913
118,18.824,16.8712
119,18.912,16.756876
120,18.856,16.704916
121,18.796001,16.661963
122,18.714,16.611958
123,18.784,16.545567
124,18.881998,16.517244
125,18.888,16.538982
126,18.896,16.568493
127,19.162,16.594643
128,20.226,16.704489
129,21.070002,17.169346
130,21.744,17.880646
131,22.855999,18.688612
132,23.34,19.675709
133,23.818,20.603498
134,24.362,21.430471
135,24.588,22.195568
136,24.952,22.815502
137,25.349998,23.358068
138,25.58,23.870094
139,25.98,24.312336
140,26.248,24.752457
141,26.504,25.162539
142,26.716,25.525757
143,26.358,25.839136
144,26.048,25.951044
145,25.053999,25.893845
146,23.97,25.509483
147,23.126001,24.774532
148,22.514,23.868486
149,21.664,22.959639
150,21.208,22.004772
151,20.766,21.139572
152,20.48,20.37641
153,20.284,19.743439
154,20.126,19.243008
155,20.188,18.852179
156,19.956001,18.611696
157,19.908,18.391161
158,19.844,18.217848
159,19.784,18.080194
160,19.752,17.96728
161,19.916,17.879456
162,19.842,17.877289
163,20.148,17.870272
164,20.352001,17.969007
165,19.92,18.135689
166,19.606,18.125315
167,19.384,17.969255
168,19.276001,17.745243
169,19.336,17.528397
170,19.272,17.391945
171,19.366,17.288507
172,19.004,17.252657
173,19.4,17.117598
174,19.599998,17.131924
175,19.5,17.245396
176,19.001999,17.31703
177,19.001999,17.188656
178,18.972,17.048586
179,18.82,16.933224
180,18.782,16.802217
181,18.868,16.689648
182,18.842001,16.641024
183,18.738,16.611147
184,18.998001,16.557863
185,19.238,16.602798
186,19.226,16.740946
187,19.32,16.859213
188,19.32,16.973526
189,18.876,17.056414
190,18.774,16.957497
191,18.822,16.80806
192,18.772001,16.703516
193,18.724,16.620142
194,18.666,16.547438
195,18.718,16.47666
196,18.692,16.443184
197,18.698,16.418348
198,18.626,16.40409
199,18.588,16.37127
200,18.544,16.329947
201,18.578001,16.28255
202,18.501999,16.258163
203,18.484001,16.219633
204,18.462,16.181936
205,18.534,16.146917
206,18.55,16.146687
207,18.51,16.160038
208,18.414001,16.159193
209,18.390001,16.122255
210,18.35,16.078661
211,18.362,16.031439
212,18.367998,16.000181
213,18.292,15.98303
214,18.244,15.947579
215,18.212,15.9008665
216,18.154,15.853095
217,18.148,15.797905
218,18.196001,15.753718
219,18.268,15.740381
220,18.562,15.7625
221,18.332,15.888027
222,18.468,15.924642
223,19.328,15.977786
224,20.245998,16.316206
225,20.742,16.94475
226,21.474,17.64169
227,21.794,18.418211
228,22.366,19.112482
229,22.664,19.794464
230,23.199999,20.392464
231,23.324,20.992016
232,23.618,21.473257
233,23.866001,21.897463
234,24.428001,22.278332
235,24.246,22.7346
236,24.386,23.02558
237,24.496,23.247108
238,24.6,23.429905
239,24.692001,23.589558
240,24.782,23.731659
241,24.876,23.86172
242,24.986,23.985373
243,25.48,24.11065
244,25.293999,24.365702
245,25.206001,24.521318
246,25.272,24.583292
247,25.325998,24.62884
248,25.38,24.676073
249,25.424,24.729067
250,25.466,24.783657
251,25.512,24.837868
252,25.576,24.89266
253,25.626,24.95403
254,25.664,25.016981
255,25.699999,25.075989
256,26.571999,25.904602
257,26.592001,25.921225
258,26.608,25.939035
259,26.628,25.957197
260,26.644,25.976631
261,26.657999,25.996002
262,26.668,26.01442
263,26.676,26.030725
264,26.684,26.044605
265,26.698,26.056637
266,26.703999,26.069254
267,26.711998,26.080444
268,26.732,26.090738
269,26.745,26.104109
270,26.758,26.118547
271,26.759998,26.133297
272,26.758,26.144794
273,26.77,26.151863
274,26.786,26.159641
275,26.788,26.17033
276,26.794,26.179445
277,26.802,26.187578
278,26.807999,26.195723
279,26.814,26.203506
280,26.83,26.21094
281,26.835999,26.221132
282,26.848,26.231049
283,26.864,26.241875
284,26.869999,26.25484
285,26.886,26.266659
286,26.888,26.279888
287,26.883999,26.29051
288,26.881998,26.296494
289,26.881998,26.29921
290,26.876,26.300444
291,26.869999,26.299194
292,26.878,26.295897
293,26.878,26.295412
294,26.872,26.2957
295,26.876,26.294287
296,26.881998,26.294052
297,26.894,26.29596
298,26.886,26.30147
299,26.888,26.30393
300,26.891998,26.305634
301,26.904001,26.307915
302,26.9,26.313337
303,26.9,26.316833
304,26.904001,26.31896
305,26.912,26.321405
306,26.914,26.325682
307,26.918,26.329842
308,26.929998,26.334076
309,26.939999,26.340809
310,26.944,26.349339
311,26.95,26.357096
312,26.963999,26.364422
313,26.977999,26.37385
314,26.987999,26.385403
315,27.053999,26.397333
316,27.179998,26.425743
317,27.279999,26.487736
318,27.279999,26.570604
319,27.359999,26.629879
320,27.46,26.685019
321,27.7,26.742012
322,27.561998,26.836363
323,27.107998,26.885265
324,27.203999,26.814941
325,27.33,26.75585
326,27.411999,26.741646
327,27.476,26.758915
328,27.536001,26.792385
329,27.606,26.833338
330,27.664,26.87985
331,27.714,26.927486
332,27.75,26.973248
333,27.800001,27.013958
334,27.846,27.05317
335,27.712,27.091225
336,27.303999,27.0908
337,26.671999,26.995773
338,25.435999,26.770502
339,24.289999,26.17765
340,23.52,25.273039
341,22.922,24.247164
342,22.354,23.27356
343,22.122002,22.38327
344,21.671999,21.672668
345,21.428001,21.04221
346,21.34,20.516666
347,20.948,20.126194
348,20.85,19.739176
349,20.746,19.423481
350,20.526,19.173721
351,20.476,18.931894
352,20.358,18.740088
353,20.377998,18.571001
354,20.256,18.459068
355,20.158,18.348982
356,20.174,18.23557
357,20.202,18.157194
358,20.223999,18.117535
359,20.398,18.104908
360,20.404,18.161074
361,20.32,18.22022
362,20.314001,18.235617
363,20.438,18.23481
364,20.59,18.272747
365,20.548,18.361113
366,20.400002,18.42318
367,20.346,18.412222
368,20.234,18.369081
369,20.3,18.292002
370,20.316,18.250172
371,20.334,18.233082
372,20.218,18.232376
373,20.228,18.196096
374,20.202,18.164774
375,20.48,18.134167
376,20.072,18.206482
377,19.925999,18.144249
378,20.3,18.017967
379,20.422,18.038109
380,20.312,18.128094
381,19.942,18.17263
382,19.800001,18.068901
383,20.038,17.910418
384,20.963999,17.862812
385,21.676,18.168407
386,22.397999,18.71414
387,23.098,19.409662
388,23.612,20.18894
389,24.157999,20.950758
390,24.51,21.687128
391,24.862,22.337776
392,25.274,22.91142
393,25.462,23.449926
394,25.713999,23.897331
395,26.074,24.28572
396,26.293999,24.674847
397,26.568,25.031809
398,26.768,25.360132
399,26.307999,25.651554
400,25.772,25.719753
401,24.62,25.555656
402,23.876,25.018822
403,23.05,24.270004
404,22.478,23.400097
405,22.118,22.541828
406,21.664,21.795395
407,21.436,21.121681
408,21.338,20.568045
409,21.042,20.157026
410,20.883999,19.789032
411,20.758001,19.476036
412,21.06,19.216902
413,21.288,19.141575
414,21.424,19.205713
415,21.472,19.330996
416,21.518,19.453108
417,21.446,19.55752
418,21.412,19.605778
419,21.446,19.61679
420,21.522001,19.62785
421,21.504,19.661562
422,21.494,19.685408
423,21.428001,19.697338
424,21.28,19.681118
425,21.162,19.612932
426,21.165998,19.51111
427,21.014,19.430088
428,21.234001,19.324274
429,21.407999,19.315218
430,21.434,19.38947
431,21.276,19.471834
432,20.936,19.480812
433,20.78,19.355885
434,20.914001,19.180885
435,20.766,19.086391
436,20.74,18.985779
437,20.686,18.901922
438,20.595999,18.826183
439,20.456,18.74222
440,20.364,18.631495
441,20.336,18.512486
442,20.244001,18.413944
443,20.17,18.315155
444,20.444,18.217596
445,20.307999,18.239723
446,20.382,18.237318
447,20.956,18.255081
448,21.838,18.467787
449,22.598,18.965181
450,23.345999,19.649862
451,24.046001,20.44527
452,24.366001,21.287167
453,24.203999,22.02109
454,23.708,22.479788
455,22.788,22.58702
456,21.967999,22.277082
457,21.386,21.678799
458,20.93,20.978096
459,20.651999,20.287567
460,20.456,19.69016
461,20.269999,19.207573
462,20.312,18.81743
463,20.316,18.566273
464,20.154,18.415316
465,19.970001,18.272745
466,19.952,18.107637
467,19.922,17.975546
468,19.898,17.876371
469,19.752,17.803436
470,19.81,17.70651
471,19.730001,17.649862
472,19.736,17.590477
473,19.67,17.548437
474,19.558,17.499191
475,19.481998,17.423344
476,19.435999,17.335733
477,19.310001,17.253193
478,19.382,17.151026
479,19.342,17.096289
480,19.265999,17.053457
481,19.268,16.998924
482,19.212,16.956984
483,19.699999,16.910131
484,19.58,17.04101
485,19.456001,17.13688
486,19.68,17.156742
487,19.147999,17.230183
488,19.17,17.114962
489,19.21,16.99469
490,18.934,16.919102
491,18.82,16.779915
492,18.822,16.624403
493,18.772001,16.50748
494,18.792,16.413698
495,18.712,16.357157
496,18.56,16.297039
497,18.536,16.200098
498,18.504,16.112583
499,18.429998,16.039772
500,18.438,15.964455
501,18.474,15.911718
502,18.367998,15.890487
503,18.526,15.845975
504,19.380001,15.862107
505,20.128,16.17931
506,20.890001,16.735691
507,21.383999,17.457317
508,21.912,18.191427
509,22.264,18.908327
510,22.604,19.546854
511,22.894,20.111067
512,25.834,25.478931
513,25.862,25.521654
514,25.896,25.560835
515,25.923998,25.59981
516,25.946001,25.63744
517,25.976,25.671858
518,26.038,25.706112
519,26.28,25.751379
520,26.640001,25.859152
521,26.4,26.060808
522,26.119999,26.158112
523,26.151999,26.120663
524,26.18,26.071754
525,26.1975,26.041716
526,26.22,26.029345
527,26.235998,26.03115
528,26.244,26.04058
529,26.268,26.051668
530,26.3,26.067436
531,26.316,26.089745
532,26.326,26.112425
533,26.334,26.13208
534,26.358,26.148119
535,26.369999,26.166437
536,26.383999,26.184082
537,26.412,26.201038
538,26.43,26.22176
539,26.442,26.243256
540,26.446,26.262634
541,26.461998,26.27751
542,26.473999,26.29216
543,26.501999,26.306414
544,26.518,26.325089
545,26.533998,26.344564
546,26.556,26.363783
547,26.57,26.384354
548,26.592001,26.403902
549,26.602,26.42454
550,26.614,26.441437
551,26.622,26.455988
552,26.638,26.468374
553,26.638,26.481152
554,26.646,26.49061
555,26.663998,26.498875
556,26.687998,26.509373
557,26.7,26.523863
558,26.708,26.538559
559,26.711998,26.55148
560,26.73,26.561588
561,26.735998,26.573063
562,26.74,26.58336
563,26.756,26.591688
564,26.773998,26.601524
565,26.786,26.613802
566,26.796001,26.626505
567,26.797998,26.638544
568,26.802,26.64774
569,26.816,26.65487
570,26.838,26.663279
571,26.866001,26.675495
572,26.896,26.692663
573,26.921999,26.714247
574,26.942,26.73456
575,26.975998,26.753202
576,27.1,26.773943
577,27.22,26.815817
578,27.4,26.876741
579,27.56,26.963774
580,27.642,27.067343
581,27.128,27.164398
582,27.164,27.12591
583,27.206,27.073816
584,27.248001,27.041296
585,27.286001,27.030813
586,27.326,27.03623
587,27.356,27.05231
588,27.416,27.072895
589,27.462,27.101667
590,27.524,27.134329
591,27.45,27.17222
592,27.046,27.18563
593,26.119999,27.104675
594,24.878,26.827486
595,24.015999,26.186821
596,23.134,25.272198
597,22.566,24.245668
598,22.42,23.284325
599,22.008,22.54679
600,21.636,21.919758
601,21.448,21.36085
602,21.202,20.903938
603,21.23,20.509905
604,20.918,20.24534
605,20.764,19.976133
606,20.638,19.726109
607,20.487999,19.504301
608,20.336,19.297571
609,20.28,19.098185
610,20.362,18.935068
611,20.258,18.852043
612,20.268002,18.774195
613,20.26,18.721958
614,20.584,18.68697
615,20.168,18.77577
616,20.519999,18.72746
617,20.436,18.780548
618,19.892,18.814201
619,19.866,18.648855
620,19.836,18.473269
621,19.89,18.332214
622,19.858,18.255377
623,19.858,18.202965
624,19.758,18.17018
625,19.846,18.116608
626,19.81,18.102655
627,19.814001,18.089262
628,19.714,18.080822
629,19.524,18.041862
630,19.43,17.941233
631,19.386,17.8214
632,19.462,17.714457
633,19.539999,17.665043
634,19.596,17.66875
635,19.532,17.702772
636,19.473999,17.712788
637,19.491999,17.694786
638,19.411999,17.681366
639,19.628,17.645208
640,20.576,17.687363
641,21.553999,18.059677
642,22.519999,18.74077
643,23.112,19.636766
644,23.636,20.536716
645,24.24,21.372843
646,24.553999,22.171738
647,24.994,22.852419
648,25.214,23.469671
649,25.476,23.979843
650,25.704,24.415197
651,25.900002,24.791311
652,26.25,25.116518
653,26.227999,25.456871
654,26.296,25.702274
655,25.666,25.873688
656,25.024,25.79135
657,24.130001,25.455467
658,23.104,24.855572
659,22.344,24.009861
660,21.91,23.07979
661,21.45,22.233297
662,21.203999,21.477741
663,21.272001,20.862402
664,20.794,20.467031
665,20.81,20.06674
666,20.622,19.77787
667,20.616,19.527744
668,20.548,19.35121
669,20.78,19.216196
670,20.723999,19.206087
671,20.54,19.208567
672,20.414,19.150866
673,20.254,19.052013
674,20.216,18.915722
675,20.278,18.794525
676,20.24,18.730453
677,20.134,18.683653
678,20.116,18.61743
679,20.198,18.55827
680,20.156,18.54465
681,20.38,18.530787
682,20.519999,18.596992
683,20.342,18.711445
684,20.322,18.745682
685,20.533998,18.74556
686,20.732,18.809856
687,20.802,18.939188
688,20.844,19.072588
689,20.828001,19.185411
690,20.762,19.257835
691,20.519999,19.279129
692,20.446001,19.200544
693,20.392,19.094833
694,19.313332,18.99286
695,19.313332,18.550886
696,19.313332,18.14923
697,19.313332,17.86463
698,19.313332,17.683197
699,19.313332,17.57403
700,19.313332,17.510693
701,19.419998,17.474884
702,19.382,17.491465
703,19.244,17.50266
704,19.248001,17.462471
705,19.084002,17.422714
706,18.9,17.337626
707,18.864,17.202011
708,18.85,17.079268
709,18.936,16.987415
710,18.85,16.956722
711,18.828,16.918873
712,18.722,16.88201
713,18.668,16.818977
714,18.67,16.74836
715,18.585999,16.695581
716,18.476002,16.632332
717,18.414001,16.546022
718,18.342001,16.456303
719,18.324,16.365273
720,18.266,16.292234
721,18.224,16.22303
722,18.232,16.158878
723,18.237999,16.115797
724,18.206,16.091219
725,18.168,16.066513
726,18.165998,16.03542
727,18.4,16.010523
728,18.359999,16.073895
729,18.564,16.126863
730,18.128,16.233139
731,18.542,16.173796
732,18.192,16.234188
733,18.126001,16.185974
734,17.894,16.103151
735,17.869999,15.955078
736,20.939999,15.823501
737,20.939999,16.780754
738,20.939999,17.730827
739,20.939999,18.424284
740,21.584002,18.872822
741,21.224,19.36367
742,21.48,19.609926
743,21.774,19.819944
744,22.303999,20.064896
745,22.387999,20.430374
746,22.656,20.754013
747,22.91,21.071272
748,23.377998,21.387339
749,23.3,21.77518
750,23.466,22.048206
751,23.63,22.277737
752,23.772,22.490591
753,23.9,22.690002
754,24.23,22.875359
755,24.286,23.118118
756,24.216,23.3275
757,24.308,23.449697
758,24.388,23.549595
759,24.472,23.644293
760,24.537998,23.740278
761,24.618,23.83274
762,24.682,23.92608
763,24.741999,24.015997
764,24.811998,24.100876
765,24.866,24.185032
766,24.93,24.264372
767,25.005999,24.342552
768,26.78,26.053375
769,26.422,26.231953
770,26.116,26.258795
771,26.136,26.152782
772,26.148,26.049063
773,26.165998,25.977505
774,26.186,25.937977
775,26.202,25.92245
776,26.216,25.921432
777,26.226,25.928251
778,26.235998,25.938044
779,26.244,25.948889
780,26.278,25.959435
781,26.3,25.97731
782,26.324,25.9987
783,26.344,26.02257
784,26.35,26.046707
785,26.364,26.066198
786,26.377998,26.08362
787,26.398,26.10012
788,26.401999,26.118021
789,26.412,26.13265
790,26.424,26.145544
791,26.432,26.158098
792,26.460001,26.169607
793,26.468,26.186117
794,26.48,26.20172
795,26.496,26.2165
796,26.514,26.23188
797,26.526,26.248625
798,26.542,26.264767
799,26.546,26.281193
800,26.56,26.294472
801,26.571999,26.307623
802,26.584,26.320786
803,26.581999,26.33399
804,26.592001,26.34307
805,26.604,26.351736
806,26.612,26.361542
807,26.624,26.371359
808,26.636,26.382107
809,26.632,26.393751
810,26.640001,26.40129
811,26.640001,26.408243
812,26.644,26.413197
813,26.641998,26.417545
814,26.65,26.419998
815,26.652,26.423725
816,26.65,26.42734
817,26.652,26.42937
818,26.654,26.43108
819,26.66,26.432852
820,26.66,26.43594
821,26.665998,26.438503
822,26.665998,26.442036
823,26.671999,26.444849
824,26.676,26.448523
825,26.679998,26.452593
826,26.689999,26.456858
827,26.702,26.462988
828,26.713999,26.471466
829,26.72,26.481773
830,26.710001,26.491522
831,26.703999,26.495567
832,26.702,26.495436
833,26.706,26.493782
834,26.710001,26.493408
835,26.708,26.494614
836,26.716,26.495268
837,26.713999,26.497988
838,26.722,26.499865
839,26.735998,26.503414
840,26.749998,26.510548
841,26.77,26.520746
842,26.783998,26.53485
843,26.796001,26.550226
844,26.816,26.565338
845,26.83,26.581713
846,26.856,26.595823
847,26.782,26.612564
848,26.345999,26.607199
849,25.882,26.47271
850,24.436,26.201122
851,23.353998,25.520609
852,22.484,24.533056
853,21.98,23.456942
854,21.553999,22.479677
855,21.312,21.644884
856,21.078001,20.985601
857,20.648,20.464903
858,20.408,19.9709
859,20.237999,19.534786
860,20.142,19.171751
861,20.16,18.889769
862,19.998,18.708214
863,19.832,18.54364
864,19.817999,18.37117
865,19.74,18.238714
866,19.604,18.124636
867,19.598001,17.999153
868,19.528002,17.90286
869,19.480001,17.815315
870,19.384,17.737015
871,19.26,17.649279
872,19.166,17.54071
873,19.204,17.424532
874,19.176,17.35086
875,19.539999,17.29716
876,19.419998,17.386759
877,19.118,17.444138
878,19.466002,17.37562
879,19.255999,17.415516
880,18.98,17.397875
881,18.912,17.27757
882,18.897999,17.142952
883,18.996,17.036509
884,19.255999,16.998653
885,19.222,17.075481
886,19.252,17.146286
887,19.198,17.206865
888,19.217999,17.23039
889,18.928001,17.245787
890,18.904001,17.156279
891,18.883999,17.058748
892,18.902,16.978613
893,18.926,16.930311
894,18.881998,16.910563
895,18.962,16.887615
896,18.835999,16.897427
897,18.834002,16.869024
898,18.774,16.838749
899,18.751999,16.795757
900,18.734,16.753893
901,18.756,16.71743
902,18.684,16.699516
903,18.682,16.666187
904,18.7,16.637575
905,18.698,16.6239
906,18.702002,16.61663
907,18.734,16.614141
908,18.862,16.624374
909,18.91,16.678453
910,18.932,16.744473
911,18.852,16.802946
912,18.74,16.816656
913,18.786001,16.77817
914,18.794,16.753813
915,18.744,16.741968
916,18.754,16.71912
917,18.744,16.703308
918,18.703999,16.68994
919,18.784,16.667067
920,18.811998,16.6755
921,18.788,16.698387
922,18.782,16.710173
923,18.803999,16.714205
924,18.84,16.722893
925,18.844,16.74264
926,18.8,16.761
927,18.778,16.759033
928,18.78,16.74543
929,18.751999,16.733534
930,18.794,16.715649
931,18.746,16.715563
932,18.696,16.703184
933,18.765999,16.674206
934,18.7,16.673147
935,18.633999,16.656225
936,18.624,16.617674
937,18.526,16.581123
938,18.55,16.521362
939,18.578001,16.480581
940,18.534,16.464712
941,18.402,16.443771
942,18.404001,16.382183
943,18.390001,16.328566
944,18.382,16.286394
945,18.274,16.255487
946,18.338,16.198557
947,18.33,16.172846
948,18.314,16.1585
949,18.212,16.145164
950,18.206,16.10076
951,18.218,16.059185
952,18.176,16.033524
953,18.198,16.004042
954,18.154,15.989166
955,18.284,15.966633
956,18.162,15.99285
957,18.186,15.981451
958,18.17,15.972719
959,18.24,15.961521
960,17.984001,15.9766655
961,17.998,15.906215
962,18.26,15.8399315
963,17.994,15.882102
964,17.942,15.846735
965,17.83,15.785345
966,17.994,15.696229
967,18.942001,15.680849
968,19.52,16.010612
969,20.26,16.527828
970,20.744,17.20101
971,21.318,17.893326
972,21.65,18.598682
973,22.22,19.227457
974,22.362,19.86071
975,22.668,20.372652
976,23.043999,20.82166
977,23.35,21.261591
978,23.428,21.683449
979,23.657999,22.013788
980,23.844002,22.31104
981,24.1575,22.582483
982,25.192501,22.87942
983,25.192501,23.44593
984,25.192501,23.920519
985,25.192501,24.246334
986,25.192501,24.45056
987,25.192501,24.571867
988,25.192501,24.641596
989,25.192501,24.680664
990,25.192501,24.7021
991,25.21,24.713675
992,25.230001,24.725668
993,25.262,24.741045
994,25.292,24.763582
995,25.325998,24.7915
996,25.352,24.824013
997,25.382,24.857582
998,25.421999,24.89226
999,25.457998,24.931046
1000,25.487999,24.972166
1001,25.516,25.012451
1002,25.56,25.05093
1003,25.588001,25.093039
1004,25.626,25.13382
1005,25.654,25.175753
1006,25.696001,25.215836
1007,25.734,25.25843
1008,25.762,25.30257
1009,25.782,25.344341
1010,25.803999,25.38088
1011,25.822,25.413582
1012,25.852001,25.442484
1013,25.901999,25.472532
1014,25.93,25.511074
1015,25.949999,25.55034
1016,25.966,25.585743
1017,26.009998,25.615967
1018,26.119999,25.650183
1019,26.34,25.708511
1020,26.58,25.82354
1021,26.8,25.993193
1022,26.58,26.19528
1023,26.112,26.28409
1024,26.562,25.837646
1025,26.574,25.84968
1026,26.576,25.861694
1027,26.58,25.871094
1028,26.584,25.878588
1029,26.59,25.88485
1030,26.6,25.89097
1031,26.614,25.898384
1032,26.609999,25.908278
1033,26.614,25.914917
1034,26.622,25.920216
1035,26.636,25.92618
1036,26.644,25.93488
1037,26.643332,25.944271
1038,26.654,25.951113
1039,26.65,25.958723
1040,26.654,25.963285
1041,26.67,25.967113
1042,26.682,25.974525
1043,26.689999,25.984365
1044,26.694,25.99452
1045,26.702,26.003225
1046,26.696,26.01166
1047,26.696,26.015991
1048,26.7,26.018213
1049,26.711998,26.020544
1050,26.718,26.025856
1051,26.724,26.03223
1052,26.72,26.03893
1053,26.73,26.042728
1054,26.746,26.047821
1055,26.748001,26.056622
1056,26.748001,26.064522
1057,26.754,26.070103
1058,26.751999,26.075443
1059,26.77,26.078709
1060,26.768,26.08599
1061,26.776,26.091661
1062,26.78,26.097824
1063,26.772001,26.103647
1064,26.778,26.105453
1065,26.776,26.107632
1066,26.783998,26.108725
1067,26.789999,26.111652
1068,26.802,26.116009
1069,26.811998,26.12311
1070,26.81,26.13193
1071,26.814,26.138193
1072,26.821999,26.143387
1073,26.818,26.149326
1074,26.819998,26.15266
1075,26.818,26.155096
1076,26.824,26.156078
1077,26.828,26.158255
1078,26.835999,26.161314
1079,26.838,26.166145
1080,26.85,26.170689
1081,26.852,26.177526
1082,26.838,26.18366
1083,26.835999,26.183825
1084,26.843998,26.181969
1085,26.84,26.182524
1086,26.84,26.182295
1087,26.838,26.181948
1088,26.848,26.181068
1089,26.859999,26.18328
1090,26.854,26.189194
1091,26.856,26.192593
1092,26.862,26.195095
1093,26.880001,26.198511
1094,26.888,26.206585
1095,26.905998,26.215967
1096,26.915998,26.228512
1097,26.932,26.241411
1098,26.956,26.255713
1099,26.984,26.273668
1100,27.014,26.296015
1101,27.2,26.322332
1102,27.5,26.397888
1103,27.72,26.55377
1104,27.539999,26.751816
1105,27.119999,26.853298
1106,27.133999,26.780659
1107,27.17,26.691326
1108,27.201998,26.632696
1109,27.238,26.60632
1110,27.26,26.605131
1111,27.284,26.616613
1112,27.296,26.63508
1113,27.326,26.65379
1114,27.352,26.67647
1115,27.381998,26.701672
1116,27.41,26.729555
1117,27.442001,26.7589
1118,27.481998,26.79034
1119,27.518,26.825867
1120,27.548,26.86346
1121,27.582,26.900381
1122,27.609999,26.931496
1123,27.645998,26.956772
1124,27.668001,26.982647
1125,27.714,27.006409
1126,27.731998,27.033058
1127,27.763998,27.057062
1128,27.787998,27.080803
1129,27.824001,27.10321
1130,27.868,27.126928
1131,27.884,27.1539
1132,27.419998,27.177801
1133,26.874,27.09669
1134,25.605999,26.888681
1135,24.518,26.266289
1136,23.602001,25.37104
1137,22.971998,24.313831
1138,22.454,23.298132
1139,22.152,22.391005
1140,21.811998,21.650272
1141,21.547998,21.031647
1142,21.276,20.51778
1143,21.556,20.07383
1144,21.23,19.859648
1145,20.85,19.645485
1146,20.806,19.360346
1147,20.74,19.120619
1148,20.66,18.933537
1149,20.59,18.781025
1150,20.425999,18.653908
1151,20.438,18.510841
1152,20.284,18.406712
1153,20.204,18.286903
1154,20.336,18.168406
1155,20.471998,18.12716
1156,20.460001,18.161224
1157,20.272,18.199175
1158,19.928,18.163797
1159,19.922,18.003624
1160,19.973999,17.855698
1161,19.908,17.768085
1162,19.772,17.695278
1163,19.808,17.598915
1164,19.696,17.535378
1165,19.676,17.458086
1166,19.668001,17.391603
1167,19.637999,17.342724
1168,19.526001,17.300669
1169,19.522,17.23311
1170,19.544,17.176497
1171,19.538,17.145199
1172,19.494,17.126158
1173,19.426,17.099926
1174,19.480001,17.05579
1175,19.502,17.037914
1176,19.466002,17.038437
1177,19.438,17.030676
1178,19.45,17.01357
1179,19.332,17.003008
1180,19.288,16.956385
1181,19.36,16.898945
1182,19.424,16.879139
1183,19.332,16.895178
1184,19.248001,16.883627
1185,19.232,16.840084
1186,19.156,16.795435
1187,19.174,16.736504
1188,19.206665,16.696249
1189,19.754002,16.682274
1190,19.754002,16.865469
1191,19.754002,17.044718
1192,19.754002,17.174929
1193,19.754002,17.258987
1194,19.324001,17.309889
1195,19.325998,17.19233
1196,19.397999,17.068325
1197,19.505999,17.000832
1198,18.998001,17.001404
1199,19.4,16.843468
1200,19.699999,16.829266
1201,19.193998,16.95452
1202,18.904001,16.904917
1203,18.89,16.728941
1204,18.868,16.566511
1205,19.336,16.443254
1206,20.15,16.522398
1207,20.898,16.905258
1208,21.528,17.510633
1209,22.193998,18.219168
1210,22.542,18.986519
1211,23.028,19.676033
1212,23.338,20.327345
1213,23.711998,20.899027
1214,24.178001,21.424452
1215,24.31,21.954582
1216,24.576,22.387697
1217,24.814,22.771133
1218,25.265999,23.119692
1219,25.175999,23.516907
1220,25.32,23.788525
1221,25.446,24.006155
1222,25.578,24.194738
1223,25.694,24.36972
1224,25.812,24.532257
1225,25.908,24.686794
1226,26.11,24.829666
1227,26.622,24.99767
1228,26.16,25.293758
1229,26.23,25.389044
1230,26.3,25.435394
1231,26.369999,25.480923
1232,26.432,25.536818
1233,26.5,25.600496
1234,26.554,25.67106
1235,26.614,25.73819
1236,26.644,25.804714
1237,26.692,25.86267
1238,26.74,25.917288
1239,26.764,25.970652
1240,26.802,26.016666
1241,26.838,26.059868
1242,26.869999,26.101864
1243,26.902,26.141804
1244,26.936,26.180117
1245,26.972,26.217941
1246,27.037998,26.256254
1247,27.4,26.30409
1248,27.64,26.448994
1249,27.112,26.648817
1250,27.136,26.651134
1251,27.168,26.614325
1252,27.192,26.58782
1253,27.217999,26.577904
1254,27.249998,26.582182
1255,27.273998,26.598099
1256,27.294,26.619585
1257,27.318,26.642553
1258,27.335999,26.666859
1259,27.34,26.69032
1260,27.364,26.708488
1261,27.381998,26.727592
1262,27.396,26.747131
1263,27.416,26.765932
1264,27.432,26.785393
1265,27.456,26.804548
1266,27.474,26.825642
1267,27.488,26.846884
1268,27.504,26.866638
1269,27.526,26.885515
1270,27.537998,26.905674
1271,27.55,26.92189
1272,27.561998,26.934238
1273,27.572,26.945307
1274,27.582,26.955307
1275,27.604,26.964506
1276,27.616,26.975712
1277,27.633999,26.986927
1278,27.65,26.998953
1279,27.656,27.011337
1280,28.32,27.635496
1281,28.06,27.59777
1282,27.988,27.517086
1283,27.973999,27.432716
1284,27.976,27.366589
1285,27.97,27.322863
1286,27.972,27.2947
1287,27.966,27.278063
1288,27.956001,27.267258
1289,27.933998,27.258715
1290,27.919998,27.248363
1291,27.906,27.237408
1292,27.886,27.226286
1293,27.87,27.213774
1294,27.873999,27.20097
1295,27.855999,27.192394
1296,27.854,27.183277
1297,27.848001,27.176035
1298,27.844,27.169882
1299,27.836,27.164782
1300,27.842,27.159592
1301,27.84,27.15703
1302,27.844,27.155336
1303,27.84,27.155144
1304,27.838,27.15451
1305,27.846,27.153522
1306,27.849998,27.154404
1307,27.848001,27.15633
1308,27.852,27.157564
1309,27.854,27.159157
1310,27.855999,27.160828
1311,27.86,27.162497
1312,27.854,27.164564
1313,27.848001,27.164911
1314,27.849998,27.1635
1315,27.852,27.16248
1316,27.854,27.162241
1317,27.858,27.16267
1318,27.854,27.163982
1319,27.863998,27.164305
1320,27.871998,27.166418
1321,27.878,27.170074
1322,27.882,27.174383
1323,27.887999,27.178532
1324,27.882,27.18281
1325,27.89,27.184715
1326,27.89,27.187248
1327,27.895998,27.189259
1328,27.9,27.19187
1329,27.894001,27.194777
1330,27.89,27.195705
1331,27.89,27.195091
1332,27.892,27.19428
1333,27.904,27.194057
1334,27.904,27.196562
1335,27.91,27.199028
1336,27.904,27.202097
1337,27.902,27.20322
1338,27.906,27.203178
1339,27.911999,27.203714
1340,27.916,27.20551
1341,27.908,27.207958
1342,27.91,27.208221
1343,27.914,27.208334
1344,27.924,27.209223
1345,27.924,27.21216
1346,27.933998,27.21479
1347,27.938,27.218758
1348,27.954,27.22282
1349,27.964,27.229195
1350,27.967999,27.23652
1351,27.956001,27.242958
1352,27.97,27.244947
1353,27.973999,27.248331
1354,27.986,27.251972
1355,28.038,27.257238
1356,28.26,27.272425
1357,28.4,27.332565
1358,28.5,27.416557
1359,28.619999,27.504732
1360,28.541998,27.595592
1361,28.116,27.646563
1362,28.13,27.585285
1363,28.161999,27.517157
1364,29.762499,27.47228
1365,29.762499,27.779684
1366,29.762499,28.086828
1367,29.762499,28.309734
1368,29.762499,28.429285
1369,29.281998,28.446968
1370,29.064,28.435457
1371,28.786,28.37637
1372,28.696001,28.231747
1373,28.644,28.088528
1374,28.636,27.975407
1375,28.632,27.897758
1376,28.64,27.848099
1377,28.654,27.819805
1378,28.675999,27.806519
1379,28.702,27.805038
1380,28.726,27.812145
1381,28.762,27.824379
1382,28.798,27.84209
1383,28.826,27.864027
1384,28.862,27.88697
1385,28.901999,27.911633
1386,28.934,27.93849
1387,28.97,27.965416
1388,29.14,27.992718
1389,29.439999,28.048363
1390,29.539999,28.158365
1391,29.118,28.272545
1392,29.164,28.269373
1393,29.199999,28.249378
1394,29.237999,28.238316
1395,29.272,28.24018
1396,29.297998,28.251635
1397,29.338,28.26769
1398,29.382,28.288874
1399,29.42,28.312414
1400,29.448,28.337044
1401,29.484001,28.360682
1402,29.508,28.384357
1403,29.552,28.40609
1404,29.592001,28.424635
1405,29.619999,28.430593
1406,29.657999,28.436235
1407,29.692,28.441952
1408,29.727999,28.447634
1409,29.765999,28.453352
1410,29.794,28.459202
1411,29.826,28.46472
1412,29.866,28.470072
1413,29.9,28.475702
1414,29.938,28.481361
1415,29.982,28.487167
1416,30.198,28.493372
1417,30.48,28.50764
1418,30.62,28.53238
1419,30.119999,28.558844
1420,30.15,28.555954
1421,30.182,28.548716
1422,30.206,28.543957
1423,30.238,28.542141
1424,30.286001,28.542915
1425,30.314,28.546198
1426,30.335999,28.550377
1427,30.376,28.554585
1428,30.397999,28.559422
1429,30.432,28.564043
1430,30.465998,28.56885
1431,30.502,28.573881
1432,30.524,28.57918
1433,30.550001,28.584076
1434,30.582,28.588682
1435,30.613998,28.59338
1436,30.65,28.596268
1437,30.68,28.598911
1438,30.706,28.60154
1439,30.744,28.604027
1440,30.774,28.60667
1441,30.796,28.6093
1442,30.817999,28.611692
1443,30.849998,28.613867
1444,30.878,28.61613
1445,30.896,28.618427
1446,30.924,28.620497
1447,30.946,28.622585
1448,30.962,28.624601
1449,30.978,28.6264
1450,31.038,28.628016
1451,31.099998,28.63055
1452,31.199999,28.634024
1453,31.339998,28.639069
1454,31.439999,28.646315
1455,31.66,28.654308
1456,31.86,28.665295
1457,31.422,28.675987
1458,31.113998,28.675657
1459,31.132,28.667192
1460,31.135998,28.658379
1461,31.146,28.652197
1462,31.15,28.648678
1463,31.166,28.646833
1464,31.188,28.64625
1465,31.207998,28.646624
1466,31.213999,28.647566
1467,31.221998,28.6485
1468,31.231998,28.649347
1469,31.245998,28.650171
1470,31.252,28.65108
1471,31.254,28.651897
1472,31.258,28.65251
1473,31.258,28.652994
1474,31.268,28.65331
1475,31.262,28.653738
1476,31.258,28.653925
1477,31.254,28.65391
1478,31.245998,28.653763
1479,31.24,28.65344
1480,31.231998,28.65303
1481,31.226,28.65253
1482,31.234,28.652014
1483,31.223999,28.65183
1484,31.212,28.651535
1485,31.206001,28.651014
1486,31.19,28.650455
1487,31.178,28.64967
1488,31.15,28.648775
1489,31.151999,28.647451
1490,31.14,28.646467
1491,31.122,28.645554
1492,31.425999,28.64449
1493,31.56,28.650915
1494,31.720001,28.66025
1495,31.46,28.670086
1496,31.24,28.67179
1497,31.12,28.66727
1498,30.981998,28.659216
1499,30.956001,28.649284
1500,30.94,28.641293
1501,30.921999,28.635637
1502,30.902,28.631678
1503,30.873999,28.62874
1504,30.855999,28.626202
1505,30.846,28.62405
1506,30.83,28.622358
1507,30.806,28.620869
1508,30.788,28.61928
1509,30.782,28.617702
1510,30.774,28.616444
1511,30.758,28.615425
1512,30.752,28.61437
1513,30.752,28.61347
1514,30.744,28.612862
1515,30.723999,28.612299
1516,30.706,28.611433
1517,30.692,28.610323
1518,30.657999,28.60915
1519,30.637999,28.607492
1520,30.604,28.605732
1521,30.585999,28.603647
1522,30.574001,28.601665
1523,30.546,28.599993
1524,30.528,28.5982
1525,30.515999,28.596468
1526,30.504,28.594963
1527,30.498,28.593653
1528,30.491999,28.591637
1529,30.489998,28.590002
1530,30.478,28.588823
1531,30.47,28.587538
1532,30.464,28.586224
1533,30.456,28.585001
1534,30.454,28.58378
1535,30.452,28.58281
1536,30.142,28.579052
1537,30.114,28.577469
1538,30.263998,28.575678
1539,30.800001,28.577955
1540,30.699999,28.593273
1541,30.44,28.604551
1542,30.279999,28.605495
1543,30.16,28.600143
1544,30.02,28.592125
1545,29.99,28.582495
1546,29.988,28.574575
1547,29.98,28.56583
1548,29.972,28.558905
1549,29.98,28.554338
1550,29.964,28.55192
1551,29.967999,28.549927
1552,29.97,28.54875
1553,29.967999,28.548151
1554,29.96,28.547768
1555,29.953999,28.54719
1556,29.948,28.54646
1557,29.938,28.545628
1558,29.928001,28.544558
1559,29.924,28.543278
1560,29.924,28.542126
1561,29.916,28.541323
1562,29.902,28.540455
1563,29.904001,28.539185
1564,29.896,28.538265
1565,29.896,28.537317
1566,29.894,28.536627
1567,29.881998,28.536093
1568,29.876,28.5352
1569,29.868,28.534204
1570,29.866,28.533102
1571,29.856,28.53219
1572,29.854,28.531122
1573,29.845999,28.530226
1574,29.835999,28.529251
1575,29.834,28.528082
1576,29.838,28.5271
1577,29.83,28.526613
1578,29.818,28.52601
1579,29.806,28.525005
1580,29.8,28.52365
1581,29.789999,28.52232
1582,29.789999,28.520914
1583,29.776,28.51988
1584,29.77,28.518581
1585,29.764,28.517313
1586,29.754,28.516132
1587,29.749998,28.514845
1588,29.76,28.513712
1589,29.748001,28.513378
1590,29.744,28.512772
1591,29.736,28.51209
1592,29.734,28.511223
1593,29.724,28.510462
1594,29.712,28.509483
1595,29.696,28.50819
1596,29.696,28.506456
1597,29.698,28.505108
1598,29.708,28.504309
1599,29.72,28.504305
1600,29.741999,28.505022
1601,29.741999,28.506691
1602,29.732,28.50811
1603,29.802,28.508629
1604,29.852,28.511967
1605,31.385,28.517263
1606,31.385,28.583925
1607,31.385,28.619253
1608,31.385,28.640833
1609,31.385,28.653038
1610,31.012,28.660141
1611,30.558,28.656971
1612,30.39,28.643795
1613,30.314,28.628633
1614,30.27,28.613361
1615,30.08,28.602081
1616,29.593998,28.590342
1617,28.85,28.569159
1618,27.225998,28.503952
1619,25.968,28.09966
1620,25.137999,27.324427
1621,24.416,26.527998
1622,23.8,25.502153
1623,23.406,24.486004
1624,23.196001,23.632277
1625,22.994001,22.973469
1626,22.634,22.467653
1627,22.435999,22.010826
1628,22.272,21.62049
1629,22.156,21.294426
1630,21.984,21.031252
1631,21.818,20.794897
1632,21.846,20.572184
1633,21.736,20.4219
1634,21.679998,20.29131
1635,21.77,20.181335
1636,21.786001,20.13618
1637,21.772,20.123522
1638,21.912,20.116999
1639,21.94,20.16116
1640,21.74,20.214792
1641,21.772,20.188452
1642,21.630001,20.161627
1643,21.626,20.093708
1644,21.654001,20.033182
1645,21.604,20.000088
1646,21.546,19.965149
1647,21.348,19.919497
1648,21.192,19.816364
1649,21.249998,19.674534
1650,21.27,19.581442
1651,21.22,19.53128
1652,21.157999,19.487373
1653,21.249998,19.435596
1654,21.162,19.42721
1655,21.390001,19.401112
1656,21.335999,19.455446
1657,21.4,19.4954
1658,21.194,19.543083
1659,21.133999,19.509834
1660,21.539999,19.446468
1661,21.34,19.531107
1662,21.294,19.559288
1663,21.48,19.551252
1664,22.292,19.6002
1665,23.237999,19.92462
1666,23.976,20.545588
1667,24.64,21.317305
1668,25.188,22.140299
1669,25.685999,22.937952
1670,26.182,23.681534
1671,26.485998,24.377241
1672,26.828,24.973736
1673,27.362,25.500166
1674,27.421999,26.007181
1675,27.707998,26.39694
1676,27.908,26.667965
1677,28.046,26.883558
1678,28.098,27.063807
1679,27.116,27.198765
1680,26.472,27.078934
1681,25.49,26.794287
1682,24.817999,26.274408
1683,24.296001,25.533524
1684,23.788,24.75332
1685,23.456,24.012213
1686,23.043999,23.366426
1687,22.396,22.776104
1688,22.255999,22.137484
1689,22.44,21.611015
1690,22.468,21.31339
1691,22.44,21.157541
1692,22.322,21.066572
1693,22.182,20.975355
1694,22.258,20.861174
1695,21.938,20.798271
1696,21.784,20.655703
1697,21.622,20.480793
1698,21.488,20.290369
1699,21.426,20.101864
1700,21.404001,19.94328
1701,21.31,19.82672
1702,21.208,19.719032
1703,21.162,19.60744
1704,21.446,19.509192
1705,21.380001,19.536802
1706,21.58,19.563637
1707,21.047998,19.65106
1708,20.742,19.548296
1709,20.678,19.325285
1710,20.664,19.11246
1711,20.594,18.954172
1712,20.61,18.826979
1713,20.522,18.746418
1714,20.388,18.667833
1715,20.298,18.564812
1716,20.266,18.452923
1717,20.15,18.35797
1718,20.14,18.2524
1719,20.166,18.169292
1720,20.268002,18.12243
1721,20.664,18.131712
1722,21.332,18.287273
1723,21.248001,18.663631
1724,21.001999,18.959352
1725,20.619999,19.07435
1726,20.48,18.987017
1727,20.424002,18.828823
1728,20.392,18.677263
1729,20.264,18.556412
1730,20.293999,18.431215
1731,20.25,18.348862
1732,20.184,18.283298
1733,20.146,18.21649
1734,20.56,18.154202
1735,20.439999,18.25151
1736,20.199999,18.318136
1737,20.306,18.277687
1738,19.914,18.25989
1739,19.876,18.117641
1740,19.855999,17.971764
1741,19.772,17.85723
1742,19.762001,17.751713
1743,19.726,17.673124
1744,19.684,17.609373
1745,19.637999,17.551695
1746,19.62,17.49507
1747,19.594,17.447664
1748,19.539999,17.405964
1749,19.502,17.358303
1750,19.414,17.309052
1751,19.402,17.242281
1752,19.418001,17.185411
1753,19.356,17.151491
1754,19.36,17.110615
1755,19.278,17.080492
1756,19.208,17.0327
1757,19.224,16.969582
1758,19.171999,16.925344
1759,19.258,16.879427
1760,20.124,16.874989
1761,21.026,17.178879
1762,21.964,17.781704
1763,22.448,18.612722
1764,23.16,19.433493
1765,23.468,20.274263
1766,23.99,20.99851
1767,24.248001,21.677952
1768,24.548,22.251965
1769,24.778,22.748701
1770,25.15,23.17172
1771,25.174,23.588608
1772,25.344,23.900204
1773,25.492,24.160904
1774,25.619999,24.389053
1775,25.75,24.590147
1776,25.863998,24.77392
1777,25.958,24.94221
1778,26.4,25.092726
1779,26.14,25.344238
1780,26.211998,25.466333
1781,26.283998,25.547
1782,26.364,25.617464
1783,26.424,25.691847
1784,26.485998,25.7655
1785,26.546,25.838295
1786,26.595999,25.909708
1787,26.65,25.976969
1788,26.694,26.041754
1789,26.734,26.102066
1790,26.776,26.157143
1791,26.807999,26.2086
1792,27.652,27.134132
1793,27.65,27.15861
1794,27.664,27.177595
1795,27.657999,27.19323
1796,27.657999,27.202658
1797,27.66,27.208145
1798,27.676,27.211674
1799,27.707998,27.217201
1800,27.717999,27.228497
1801,27.72,27.240246
1802,27.73,27.2494
1803,27.734,27.257633
1804,27.748,27.264309
1805,27.765,27.271803
1806,27.789999,27.281092
1807,27.82,27.293625
1808,27.894001,27.309923
1809,27.91,27.338428
1810,27.933998,27.365578
1811,27.954,27.390268
1812,27.964,27.412056
1813,27.966,27.429485
1814,27.980001,27.441694
1815,28.174,27.452408
1816,28.519999,27.500904
1817,28.38,27.618263
1818,28.22,27.690903
1819,28.159998,27.700113
1820,28.32,27.679472
1821,28.32,27.691133
1822,28.42,27.707184
1823,28.519999,27.741066
1824,28.6,27.79115
1825,28.720001,27.848524
1826,28.74,27.917585
1827,28.68,27.975212
1828,28.84,28.00225
1829,28.86,28.048578
1830,28.424,28.091213
1831,28.108,28.030039
1832,28.262,27.894403
1833,28.86,27.809965
1834,28.899998,27.885721
1835,28.401999,27.986938
1836,28.099998,27.962404
1837,28.88,27.851473
1838,28.56,27.91421
1839,28.104,27.933285
1840,28.128,27.841042
1841,28.12,27.752506
1842,28.12,27.686625
1843,28.142,27.643518
1844,28.14,27.621914
1845,28.144001,27.610655
1846,28.15,27.60556
1847,28.151999,27.604378
1848,28.151999,27.604904
1849,28.161999,27.60582
1850,28.154,27.608719
1851,28.17,27.609379
1852,28.19,27.612892
1853,28.214,27.620445
1854,28.222,27.631931
1855,28.226,27.642971
1856,28.245998,27.65182
1857,28.274,27.662018
1858,28.288,27.675737
1859,28.3,27.689573
1860,28.317999,27.70229
1861,28.368,27.715166
1862,28.382,27.735199
1863,28.4,27.754519
1864,28.416,27.772333
1865,28.457998,27.788435
1866,28.487999,27.8087
1867,28.5,27.830868
1868,28.538,27.85011
1869,28.556,27.871561
1870,28.586,27.891611
1871,28.462,27.912315
1872,27.873999,27.901566
1873,26.85,27.762314
1874,25.519999,27.413046
1875,24.578,26.823578
1876,23.641998,25.923727
1877,23.064001,24.842304
1878,22.543999,23.808704
1879,22.278,22.895641
1880,22.198,22.16358
1881,21.71,21.641989
1882,21.444,21.143309
1883,21.428001,20.693077
1884,21.314,20.36897
1885,21.186,20.121984
1886,21.064,19.915602
1887,20.786,19.732664
1888,20.651999,19.509989
1889,20.614,19.292322
1890,20.616,19.121313
1891,20.56,19.007542
1892,20.444,18.91831
1893,20.34,18.818672
1894,20.460001,18.707752
1895,20.412,18.665226
1896,20.372,18.633398
1897,20.386,18.598808
1898,20.384,18.577682
1899,20.400002,18.564661
1900,20.33,18.562496
1901,20.28,18.53952
1902,20.158,18.500774
1903,20.142,18.426945
1904,20.460001,18.359303
1905,19.99,18.420202
1906,19.944,18.33332
1907,19.855999,18.219915
1908,19.661999,18.100508
1909,19.616,17.945147
1910,19.529999,17.807306
1911,19.526001,17.680855
1912,19.406,17.589499
1913,19.467999,17.489458
1914,19.392,17.43552
1915,19.272,17.38054
1916,19.300001,17.298864
1917,19.368,17.242512
1918,19.272,17.230293
1919,19.458,17.198778
1920,20.536,17.23508
1921,21.318,17.647121
1922,22.104,18.303013
1923,22.754,19.105904
1924,23.32,19.945301
1925,23.824,20.760237
1926,24.380001,21.521172
1927,24.594,22.252508
1928,25.029999,22.851324
1929,25.303999,23.405333
1930,25.637999,23.891975
1931,25.934,24.341476
1932,26.386,24.760302
1933,26.355999,25.208632
1934,26.473999,25.520237
1935,25.946001,25.751568
1936,25.07,25.743757
1937,24.133999,25.41455
1938,23.766,24.768522
1939,23.269999,24.100807
1940,22.688,23.438696
1941,22.406,22.760101
1942,21.966002,22.162369
1943,21.764,21.59434
1944,21.576,21.116611
1945,21.326,20.723656
1946,21.196,20.370403
1947,21.321999,20.076742
1948,21.2,19.918055
1949,21.372,19.791739
1950,21.273998,19.765303
1951,21.383999,19.735922
1952,21.42,19.751036
1953,20.876,19.784714
1954,20.818,19.629147
1955,20.737999,19.451889
1956,20.644,19.289986
1957,20.562,19.142962
1958,20.43,19.010841
1959,20.376001,18.872202
1960,20.24,18.750458
1961,20.212,18.618603
1962,20.23,18.510181
1963,20.55,18.442255
1964,20.55,18.511547
1965,20.062,18.59381
1966,19.734,18.48982
1967,19.392,18.258516
1968,19.206,17.942337
1969,19.432001,17.627373
1970,19.112,17.474627
1971,18.95,17.290184
1972,19.332,17.092178
1973,19.268,17.075317
1974,19.222,17.082716
1975,19.26,17.077902
1976,19.344,17.084612
1977,19.286001,17.120916
1978,19.174,17.134443
1979,19.166,17.100836
1980,18.859999,17.062677
1981,18.8,16.9286
1982,19.032,16.787722
1983,19.944,16.762617
1984,20.794,17.084253
1985,21.506,17.690928
1986,22.108,18.44409
1987,22.63,19.232162
1988,23.196001,19.992754
1989,23.462,20.735098
1990,23.828001,21.364185
1991,24.273998,21.922058
1992,24.388,22.463352
1993,24.602,22.89353
1994,24.803999,23.254864
1995,25.147999,23.571033
1996,25.286,23.906681
1997,25.276001,24.201347
1998,24.935999,24.404434
1999,24.294,24.419807
2000,23.342,24.17512
2001,22.37,23.616123
2002,21.506,22.80729
2003,21.141998,21.862907
2004,20.786,21.016094
2005,20.53,20.297245
2006,20.336,19.713076
2007,20.134,19.250086
2008,20.3,18.869247
2009,20.38,18.6652
2010,20.088001,18.584246
2011,19.846,18.453238
2012,19.658,18.262926
2013,19.646,18.045603
2014,19.486,17.87638
2015,19.292,17.708824
2016,19.182,17.520052
2017,19.15,17.339132
2018,19.157999,17.197533
2019,19.82,17.105673
2020,20.519999,17.277222
2021,21.264,17.70355
2022,22.042,18.328924
2023,22.492,19.096588
2024,22.995998,19.841743
2025,23.31,20.55338
2026,23.664001,21.172785
2027,24.165998,21.724388
2028,24.224,22.281445
2029,24.448,22.708948
2030,24.638,23.067518
2031,24.808,23.377716
2032,24.976,23.650486
2033,25.435999,23.897387
2034,25.204,24.223717
2035,25.301998,24.404242
2036,25.38,24.53519
2037,25.466,24.64543
2038,25.55,24.749678
2039,25.619999,24.852358
2040,25.694,24.950232
2041,25.76,25.045095
2042,25.828001,25.135727
2043,25.884,25.223478
2044,25.944,25.305527
2045,25.982,25.381918
2046,26.359999,25.446325
2047,26.640001,25.606703
2048,26.834,26.228168
2049,26.852,26.235512
2050,26.862,26.24575
2051,26.866001,26.256947
2052,26.876,26.26658
2053,26.886,26.276302
2054,26.902,26.286467
2055,26.912,26.298847
2056,26.92,26.31145
2057,26.928001,26.323153
2058,26.942,26.33394
2059,26.95,26.345856
2060,26.956,26.35714
2061,26.966665,26.36705
2062,26.994,26.377176
2063,27.018,26.392757
2064,26.998001,26.412563
2065,26.998001,26.42215
2066,27.1,26.426811
2067,27.32,26.459318
2068,27.419998,26.554766
2069,27.46,26.658684
2070,27.419998,26.731224
2071,27.56,26.772823
2072,27.599998,26.825943
2073,27.68,26.87604
2074,27.82,26.928947
2075,27.82,26.997875
2076,27.58,27.052195
2077,27.56,27.038218
2078,27.106,27.007889
2079,27.122,26.886154
2080,27.112,26.778864
2081,27.138,26.70128
2082,27.138,26.654697
2083,27.144,26.623709
2084,27.144,26.608143
2085,27.144,26.600245
2086,27.138,26.596235
2087,27.152,26.59261
2088,27.157999,26.593658
2089,27.176,26.597101
2090,27.174,26.604956
2091,27.171999,26.611202
2092,27.185999,26.615032
2093,27.176,26.62087
2094,27.174,26.623018
2095,27.182,26.623207
2096,27.182,26.62498
2097,27.19,26.626648
2098,27.2,26.629938
2099,27.198,26.635338
2100,27.203999,26.639273
2101,27.201998,26.64338
2102,27.212,26.645914
2103,27.21,26.650013
2104,27.216,26.652868
2105,27.22,26.65624
2106,27.214,26.659876
2107,27.216,26.661045
2108,27.224,26.661852
2109,27.227999,26.664442
2110,27.227999,26.667288
2111,27.24,26.669426
2112,27.251999,26.673391
2113,27.258,26.67926
2114,27.255999,26.685276
2115,27.26,26.689304
2116,27.26,26.692642
2117,27.263998,26.694937
2118,27.272,26.697218
2119,27.284,26.700577
2120,27.287998,26.705828
2121,27.286001,26.710962
2122,27.302,26.71428
2123,27.306,26.719671
2124,27.316,26.724957
2125,27.332,26.730911
2126,27.338,26.738815
2127,27.155998,26.746336
2128,26.518,26.713383
2129,25.802,26.507198
2130,24.174,26.072153
2131,23.022,25.210073
2132,22.24,24.042786
2133,21.496,22.863062
2134,21.124,21.747055
2135,20.546,20.818947
2136,20.226,19.987345
2137,19.882,19.292278
2138,19.784,18.698109
2139,19.49,18.250402
2140,19.228,17.856897
2141,19.184,17.491955
2142,19.2,17.216513
2143,18.924,17.04104
2144,18.768,16.841932
2145,18.542,16.637642
2146,18.439999,16.40982
2147,18.442,16.202923
2148,18.308,16.056936
2149,18.192,15.918455
2150,18.202,15.779182
2151,18.198,15.680525
2152,17.958,15.616239
2153,17.960001,15.495175
2154,18.204,15.394208
2155,19.19,15.408249
2156,19.976,15.781605
2157,20.468,16.405676
2158,21.109999,17.08777
2159,21.558,17.81885
2160,22.142,18.517445
2161,22.386,19.214842
2162,22.758,19.808365
2163,23.266,20.34398
2164,23.400002,20.89308
2165,23.692,21.34315
2166,24.148,21.747663
2167,24.216,22.185549
2168,24.444,22.536497
2169,24.655998,22.849081
2170,24.848001,23.139551
2171,25.269999,23.410791
2172,25.175999,23.74388
2173,25.334,23.970787
2174,25.498,24.163874
2175,25.644,24.3515
2176,25.769999,24.53542
2177,25.882,24.710419
2178,26.081999,24.873251
2179,26.466,25.054995
2180,26.199999,25.307255
2181,26.3,25.423279
2182,26.394,25.508917
2183,26.49,25.59309
2184,26.598,25.683474
2185,26.702,25.783703
2186,26.786,25.890972
2187,26.858,25.996527
2188,26.929998,26.095226
2189,27.092001,26.187704
2190,27.481998,26.302845
2191,27.152,26.507277
2192,27.203999,26.58005
2193,27.263998,26.614098
2194,27.328,26.647738
2195,27.388,26.684404
2196,27.434,26.722956
2197,27.481998,26.762146
2198,27.536001,26.801159
2199,27.592,26.841118
2200,27.645998,26.882454
2201,27.688,26.924473
2202,27.734,26.964308
2203,27.768,27.002686
2204,27.808,27.037588
2205,27.855999,27.070946
2206,27.894001,27.105112
2207,27.916,27.138351
2208,27.949999,27.167156
2209,27.978,27.194405
2210,28.078,27.219917
2211,28.38,27.259224
2212,28.64,27.354563
2213,28.564001,27.49194
2214,28.118,27.586647
2215,28.156,27.552938
2216,28.183998,27.506302
2217,28.21,27.474924
2218,28.236,27.460867
2219,28.264,27.460001
2220,28.307999,27.468292
2221,28.348,27.485714
2222,28.37,27.508999
2223,28.398,27.532055
2224,28.42,27.55477
2225,28.454,27.575903
2226,28.481998,27.59813
2227,28.512,27.620615
2228,28.553999,27.64356
2229,28.594,27.669233
2230,28.626,27.69707
2231,28.651999,27.724695
2232,28.672,27.750359
2233,28.706,27.772913
2234,28.734,27.795847
2235,28.756,27.81861
2236,28.782,27.839872
2237,28.791998,27.86056
2238,28.829998,27.877695
2239,28.858,27.897375
2240,28.872,27.918251
2241,28.896,27.936771
2242,28.907999,27.954817
2243,28.92,27.970453
2244,28.934,27.983871
2245,28.938,27.996124
2246,28.949999,28.00568
2247,28.963999,28.014565
2248,28.968,28.023844
2249,28.985998,28.031584
2250,28.992,28.040648
2251,28.98,28.04887
2252,28.968,28.052195
2253,28.971998,28.051
2254,28.960001,28.049904
2255,28.97,28.046616
2256,28.954,28.045778
2257,28.947998,28.042397
2258,28.947998,28.038065
2259,28.944,28.034672
2260,28.934,28.031559
2261,28.925999,28.027254
2262,28.92,28.022148
2263,28.906,28.016956
2264,28.884,28.010208
2265,28.88,28.000313
2266,28.868,27.99148
2267,28.864,27.982738
2268,28.852001,27.97551
2269,28.844,27.96805
2270,28.834,27.960854
2271,28.828001,27.953545
2272,28.824,27.946903
2273,28.812,27.941345
2274,28.796,27.935017
2275,28.786,27.926853
2276,28.767998,27.91835
2277,28.774,27.908272
2278,28.764,27.901764
2279,28.754,27.895727
2280,28.759998,27.889318
2281,28.75,27.885782
2282,28.736,27.881762
2283,28.728,27.875782
2284,28.73,27.869267
2285,28.726,27.864777
2286,28.726,27.861116
2287,28.721998,27.858622
2288,28.721998,27.856232
2289,28.718,27.8545
2290,28.726,27.85255
2291,28.720001,27.852736
2292,28.723999,27.852116
2293,28.732,27.85231
2294,28.734,27.854313
2295,28.745998,27.85662
2296,28.737999,27.860897
2297,28.736,27.862822
2298,28.720001,27.86327
2299,28.720001,27.859919
2300,28.71,27.856577
2301,28.708,27.852036
2302,28.720001,27.848007
2303,28.718,27.847672
2304,28.632,28.131653
2305,28.63,28.126915
2306,28.618,28.12326
2307,28.602,28.118328
2308,28.6,28.111076
2309,28.594,28.104803
2310,28.602499,28.099174
2311,28.602,28.096966
2312,28.6,28.096037
2313,28.6,28.095232
2314,28.588001,28.094671
2315,28.589998,28.091816
2316,28.578,28.089607
2317,28.57,28.085636
2318,28.574,28.080643
2319,28.572,28.077574
2320,28.574,28.07536
2321,28.572,28.074348
2322,28.564001,28.073471
2323,28.56,28.071186
2324,28.557999,28.068348
2325,28.553999,28.065722
2326,28.556,28.063007
2327,28.546,28.061415
2328,28.532,28.05842
2329,28.526,28.052979
2330,28.529999,28.047165
2331,28.528,28.043652
2332,28.529999,28.04119
2333,28.518002,28.040041
2334,28.526667,28.037
2335,30.131998,28.036135
2336,30.131998,28.3529
2337,30.131998,28.435686
2338,30.131998,28.483944
2339,30.131998,28.514435
2340,29.34,28.532549
2341,29.206,28.507456
2342,28.828001,28.473743
2343,28.721998,28.430481
2344,28.644,28.39232
2345,28.592,28.3471
2346,28.552,28.260952
2347,28.526,28.181244
2348,28.505999,28.12406
2349,28.487999,28.08274
2350,28.473999,28.052526
2351,28.466,28.030008
2352,28.468,28.0136
2353,28.456,28.003399
2354,28.462,27.995047
2355,28.457998,27.99055
2356,28.454,27.987387
2357,28.456,27.984524
2358,28.463999,27.982925
2359,28.4625,27.983717
2360,30.088,27.98454
2361,30.088,28.32287
2362,30.088,28.42702
2363,30.088,28.475924
2364,30.088,28.50682
2365,29.372,28.525171
2366,29.189999,28.503613
2367,28.844,28.47103
2368,28.716,28.42949
2369,28.646,28.391718
2370,28.648,28.346668
2371,28.788,28.271976
2372,28.88,28.24143
2373,28.915998,28.253412
2374,28.966,28.279137
2375,29.237999,28.311785
2376,29.484001,28.358713
2377,29.278,28.396778
2378,29.146,28.408264
2379,29.175999,28.40743
2380,29.202,28.405453
2381,29.237999,28.404953
2382,29.278,28.406538
2383,29.276,28.409939
2384,29.211998,28.412706
2385,28.466,28.411684
2386,27.528,28.369032
2387,26.749998,28.080616
2388,25.706,27.61419
2389,24.988,27.023895
2390,24.278,26.31995
2391,23.8,25.427055
2392,23.43,24.584404
2393,23.215,23.863453
2394,21.985,23.292168
2395,21.985,22.495762
2396,21.985,21.8607
2397,21.985,21.43285
2398,21.985,21.167295
2399,21.985,21.010496
2400,21.914,20.92097
2401,21.794,20.847162
2402,21.638,20.75663
2403,21.534,20.634068
2404,21.528,20.502089
2405,21.474,20.401358
2406,21.448,20.316658
2407,21.416,20.249594
2408,21.42,20.19422
2409,21.372,20.157505
2410,21.376,20.118734
2411,21.294,20.091227
2412,21.232,20.046017
2413,21.156,19.98793
2414,21.156,19.916826
2415,21.276,19.861818
2416,20.852001,19.865797
2417,20.744,19.739107
2418,20.626001,19.5795
2419,20.64,19.414429
2420,20.636,19.297304
2421,20.657999,19.221241
2422,20.674,19.182495
2423,20.702,19.168179
2424,20.678,19.172842
2425,20.53,19.172478
2426,20.369999,19.12066
2427,20.266,19.01642
2428,20.192,18.892622
2429,20.184,18.772243
2430,20.12,18.682396
2431,20.221998,18.60179
2432,20.968,18.579737
2433,21.77,18.83119
2434,22.58,19.350607
2435,23.31,20.063208
2436,23.99,20.873564
2437,24.318,21.716753
2438,24.702,22.45076
2439,25.12,23.090754
2440,25.387999,23.67643
2441,25.702,24.181284
2442,25.984,24.635998
2443,26.348,25.048092
2444,26.289999,25.458555
2445,26.49,25.740091
2446,26.612,25.965925
2447,26.06,26.158625
2448,25.565998,26.125486
2449,24.292,25.899132
2450,23.148,25.263643
2451,22.384,24.314615
2452,22.029999,23.292044
2453,21.858,22.407774
2454,21.946,21.734156
2455,21.919998,21.318935
2456,21.811998,21.065573
2457,21.59,20.880865
2458,21.394,20.686747
2459,21.35,20.476318
2460,21.208,20.303677
2461,21.216,20.138317
2462,20.924,20.021738
2463,20.798,19.84944
2464,20.727999,19.66816
2465,20.584,19.509047
2466,20.578001,19.348713
2467,20.616,19.229109
2468,20.664,19.163809
2469,20.644,19.144867
2470,20.533998,19.134886
2471,20.518,19.092243
2472,20.579998,19.048126
2473,20.579998,19.036606
2474,20.614,19.035713
2475,20.632,19.049053
2476,20.598,19.068336
2477,20.66,19.072235
2478,20.665998,19.09268
2479,20.618,19.11353
2480,20.66,19.11251
2481,20.64,19.121029
2482,20.65,19.122633
2483,20.618,19.125635
2484,20.66,19.117302
2485,20.65,19.122885
2486,20.484001,19.126736
2487,20.353998,19.072622
2488,20.234,18.975384
2489,20.31,18.853407
2490,20.074,18.78438
2491,19.886002,18.665508
2492,19.742,18.502922
2493,19.558,18.324755
2494,19.515999,18.127918
2495,20.108,17.965237
2496,20.42,18.056158
2497,20.07,18.28735
2498,19.518,18.369362
2499,19.264,18.206692
2500,18.756,17.944702
2501,18.498001,17.556423
2502,18.472,17.154938
2503,18.444,16.849121
2504,18.554,16.637808
2505,18.604,16.542576
2506,18.564,16.516693
2507,18.6,16.500036
2508,18.648,16.502287
2509,18.679998,16.524466
2510,18.552,16.556217
2511,18.576,16.538015
2512,18.532,16.52161
2513,18.570002,16.494957
2514,18.644,16.486273
2515,18.636,16.509392
2516,18.630001,16.530844
2517,18.568,16.544107
2518,18.576,16.530657
2519,18.632,16.517418
2520,18.768,16.52698
2521,18.606,16.585749
2522,18.539999,16.58458
2523,18.547998,16.547358
2524,18.633999,16.514635
2525,18.53,16.52114
2526,18.546001,16.499317
2527,18.484001,16.482294
2528,18.506,16.44969
2529,18.428001,16.429798
2530,18.369999,16.391449
2531,20.08,16.339308
2532,20.08,16.882843
2533,20.08,17.417223
2534,20.08,17.806084
2535,20.438,18.057335
2536,20.904,18.331688
2537,21.368,18.69648
2538,21.778,19.141968
2539,22.208,19.625214
2540,22.432001,20.130516
2541,22.69,20.581362
2542,22.966,20.98547
2543,23.244001,21.363144
2544,23.331999,21.72667
2545,23.512,22.018257
2546,23.675999,22.275673
2547,23.816,22.511059
2548,23.97,22.725056
2549,24.466,22.92804
2550,24.186,23.239275
2551,24.292,23.398603
2552,24.386,23.51554
2553,26.2875,23.622597
2554,26.2875,24.328781
2555,26.2875,24.980568
2556,26.2875,25.443295
2557,26.2875,25.739397
2558,25.918,25.906904
2559,25.54,25.8918
2560,26.119999,26.303082
2561,26.144,26.167236
2562,26.165998,26.055235
2563,26.188,25.98551
2564,26.227999,25.950905
2565,26.254,25.945728
2566,26.262499,25.956562
2567,27.704,25.970749
2568,27.704,26.411303
2569,27.704,26.777536
2570,27.704,26.992777
2571,27.704,27.131289
2572,27.258,27.215076
2573,26.91,27.170254
2574,26.726,27.034334
2575,26.640001,26.8748
2576,26.576,26.734245
2577,26.544,26.604946
2578,26.514,26.49491
2579,26.508,26.41112
2580,26.498,26.355253
2581,26.504,26.317307
2582,26.504,26.295652
2583,26.508,26.283546
2584,26.518,26.278072
2585,26.528,26.278564
2586,26.542,26.283424
2587,26.546,26.292204
2588,26.556,26.300734
2589,26.568,26.309893
2590,26.584,26.320316
2591,26.595999,26.332996
2592,26.609999,26.346365
2593,26.616001,26.360464
2594,26.616001,26.372744
2595,26.622,26.381315
2596,26.633999,26.388515
2597,26.636,26.397032
2598,26.641998,26.404163
2599,26.644,26.410843
2600,26.65,26.416222
2601,26.654,26.42164
2602,26.66,26.426804
2603,26.671999,26.4323
2604,26.676,26.43996
2605,26.67,26.44725
2606,26.682,26.450726
2607,26.692,26.455946
2608,26.694,26.463142
2609,26.702,26.469456
2610,26.710001,26.476244
2611,26.727999,26.4837
2612,26.741999,26.49465
2613,26.749998,26.507626
2614,26.746,26.519966
2615,26.744,26.527666
2616,26.746,26.531647
2617,26.749998,26.534288
2618,26.756,26.537104
2619,26.764,26.540987
2620,26.762,26.546442
2621,26.756,26.550207
2622,26.758,26.550795
2623,26.758,26.551085
2624,26.762,26.551226
2625,26.773998,26.552473
2626,26.772001,26.5572
2627,26.776,26.560871
2628,26.782,26.5645
2629,26.804,26.56893
2630,26.818,26.578875
2631,26.818,26.589445
2632,26.842001,26.597708
2633,26.862,26.609138
2634,26.866001,26.623167
2635,26.867998,26.635027
2636,26.89,26.643703
2637,26.902,26.654741
2638,26.905998,26.666325
2639,26.929998,26.67591
2640,26.942,26.688383
2641,26.966,26.70114
2642,26.991999,26.716446
2643,27.118,26.733051
2644,27.32,26.771633
2645,27.56,26.847761
2646,27.84,26.962683
2647,27.426,27.114634
2648,27.136,27.147572
2649,27.164,27.08318
2650,27.193998,27.019394
2651,27.224,26.979115
2652,27.262001,26.961344
2653,27.289999,26.961514
2654,27.311998,26.971674
2655,27.342,26.986055
2656,27.373999,27.003876
2657,27.405998,27.024437
2658,27.434,27.046825
2659,27.464,27.069506
2660,27.488,27.092457
2661,27.522,27.11452
2662,27.551998,27.137651
2663,27.575998,27.161114
2664,27.609999,27.18342
2665,27.644001,27.206638
2666,27.676,27.230993
2667,27.714,27.255817
2668,27.763998,27.282091
2669,27.789999,27.312162
2670,27.817999,27.340525
2671,27.84,27.366781
2672,27.868,27.39014
2673,27.894001,27.412458
2674,27.933998,27.434015
2675,27.972,27.458015
2676,28.199999,27.484123
2677,28.54,27.551464
2678,28.565998,27.681364
2679,28.144001,27.796392
2680,28.194,27.789103
2681,28.24,27.76594
2682,28.276001,27.754921
2683,28.322,27.757172
2684,28.368,27.771488
2685,28.411999,27.794376
2686,28.454,27.822308
2687,28.498,27.852705
2688,28.543999,27.884726
2689,30.373333,27.918156
2690,30.373333,28.322224
2691,30.373333,28.444159
2692,30.373333,28.500837
2693,30.373333,28.536499
2694,30.066,28.557604
2695,29.533998,28.55592
2696,29.305998,28.52588
2697,29.182,28.487717
2698,29.27,28.452803
2699,29.679998,28.432266
2700,29.52,28.439001
2701,29.539999,28.442696
2702,29.74,28.445581
2703,29.74,28.456373
2704,29.112,28.46594
2705,29.132,28.444407
2706,29.148,28.422897
2707,29.162,28.4081
2708,29.186,28.399538
2709,29.22,28.395826
2710,29.235998,28.395744
2711,29.258001,28.397203
2712,29.286,28.399578
2713,29.314,28.402735
2714,29.348,28.406456
2715,29.372,28.410791
2716,29.394,28.415125
2717,29.418,28.419245
2718,29.463999,28.423273
2719,29.509998,28.428215
2720,29.533998,28.434046
2721,29.562,28.439526
2722,29.602,28.44466
2723,29.628,28.450083
2724,29.646,28.455223
2725,29.662,28.45968
2726,29.686,28.463463
2727,29.702,28.467117
2728,29.716,28.470444
2729,29.748001,28.473402
2730,29.773998,28.476887
2731,29.819998,28.48068
2732,29.852,28.485548
2733,29.883999,28.490726
2734,29.907999,28.495964
2735,29.924,28.500834
2736,29.932,28.504978
2737,29.946,28.508173
2738,29.956,28.510891
2739,29.977999,28.513195
2740,30.14,28.515753
2741,30.239998,28.524893
2742,30.3,28.537407
2743,30.380001,28.549856
2744,30.359999,28.562397
2745,30.380001,28.570576
2746,30.359999,28.576412
2747,30.46,28.579214
2748,30.52,28.585028
2749,30.46,28.592329
2750,30.44,28.59387
2751,30.4,28.593992
2752,30.3,28.592829
2753,30.22,28.587507
2754,30.14,28.57825
2755,30.039999,28.567394
2756,29.998001,28.554735
2757,30.015999,28.54332
2758,29.982,28.536161
2759,29.98,28.530407
2760,29.96,28.526478
2761,29.951998,28.523144
2762,29.94,28.520508
2763,29.926,28.518227
2764,29.926,28.516031
2765,29.916,28.514467
2766,29.914,28.513033
2767,29.912,28.511938
2768,29.902,28.511135
2769,29.89,28.510178
2770,29.878,28.508911
2771,29.866,28.507395
2772,29.856,28.505709
2773,29.828,28.504005
2774,29.81,28.50152
2775,29.795998,28.498747
2776,29.782,28.496058
2777,29.764,28.493507
2778,29.754,28.49089
2779,29.744,28.48854
2780,29.73,28.486456
2781,29.703999,28.48438
2782,29.692,28.48172
2783,29.674,28.479136
2784,29.66,28.47648
2785,29.655998,28.47392
2786,29.644,28.471914
2787,29.636,28.47005
2788,29.632,28.46838
2789,29.619999,28.467037
2790,29.619999,28.465603
2791,29.602,28.464546
2792,29.592001,28.463062
2793,29.58,28.461447
2794,29.564,28.459717
2795,29.568,28.457726
2796,29.552,28.45641
2797,29.544,28.454891
2798,29.539999,28.453392
2799,29.53,28.452135
2800,29.53,28.450832
2801,29.526,28.449884
2802,29.528,28.449095
2803,29.501999,28.448654
2804,29.501999,28.447245
2805,29.498001,28.446012
2806,29.484001,28.444986
2807,29.487999,28.44366
2808,29.474,28.44282
2809,29.468,28.44169
2810,29.460001,28.440542
2811,29.461998,28.439352
2812,29.458,28.438572
2813,29.466,28.437922
2814,29.458,28.437836
2815,29.437998,28.437544
2816,29.292,28.337687
2817,29.286,28.33419
2818,29.286,28.33016
2819,29.288,28.32708
2820,29.278,28.325457
2821,29.273998,28.322521
2822,29.262,28.319235
2823,29.259998,28.314236
2824,29.244,28.309757
2825,29.234001,28.303253
2826,29.232,28.295927
2827,29.23,28.28995
2828,29.218,28.285458
2829,29.217499,28.280006
2830,29.22,28.275682
2831,29.210001,28.273293
2832,29.196,28.2699
2833,29.194,28.264261
2834,29.18,28.259184
2835,29.178,28.252674
2836,29.174,28.247149
2837,29.156,28.24249
2838,29.141998,28.23552
2839,29.146,28.22695
2840,29.13,28.221127
2841,29.126,28.214151
2842,29.124,28.207935
2843,29.124,28.203135
2844,29.114,28.19994
2845,29.11,28.19588
2846,29.108,28.191874
2847,29.105999,28.188528
2848,29.105999,28.18581
2849,29.421999,28.183962
2850,29.58,28.248741
2851,29.72,28.34375
2852,29.819998,28.37227
2853,29.74,28.393452
2854,29.640001,28.404871
2855,29.72,28.406466
2856,29.619999,28.40905
2857,29.499998,28.406637
2858,29.42,28.398388
2859,29.32,28.387537
2860,29.3,28.374617
2861,29.22,28.363922
2862,29.1,28.349829
2863,29.0,28.305864
2864,28.984001,28.235714
2865,28.985998,28.179358
2866,28.973999,28.14163
2867,28.966,28.115791
2868,28.960001,28.097937
2869,28.947998,28.085405
2870,28.938,28.07497
2871,28.939999,28.065733
2872,28.938,28.059656
2873,28.938,28.055534
2874,28.923998,28.052958
2875,28.92,28.048515
2876,28.93,28.04401
2877,28.915998,28.042791
2878,28.912,28.03973
2879,28.91,28.036213
2880,28.901999,28.033115
2881,28.886,28.029268
2882,28.886,28.022924
2883,28.886,28.017696
2884,28.894,28.014122
2885,28.896,28.013556
2886,28.906,28.014256
2887,28.906,28.017153
2888,28.91,28.019793
2889,28.922,28.022503
2890,28.92,28.027016
2891,28.923998,28.030329
2892,28.93,28.033318
2893,28.936,28.03669
2894,28.946001,28.040506
2895,28.962,28.045506
2896,28.984001,28.05279
2897,28.987999,28.063263
2898,28.994,28.072515
2899,29.14,28.080273
2900,29.1,28.116121
2901,29.4,28.140568
2902,29.6,28.218452
2903,29.84,28.329609
2904,29.42,28.376308
2905,29.112,28.379892
2906,29.13,28.362898
2907,29.154,28.33929
2908,29.175999,28.289965
2909,29.199999,28.264208
2910,29.223999,28.255781
2911,29.251999,28.258615
2912,29.288,28.269148
2913,29.336,28.28613
2914,29.352,28.310118
2915,29.38,28.332588
2916,29.404,28.346209
2917,29.428,28.353098
2918,29.468,28.359678
2919,29.512,28.364487
2920,29.546001,28.37007
2921,29.593998,28.375805
2922,29.641998,28.382145
2923,29.686,28.389015
2924,29.727999,28.396076
2925,29.778,28.403107
2926,29.814,28.410429
2927,29.856,28.417397
2928,29.9,28.424246
2929,29.934,28.431139
2930,29.964,28.437658
2931,30.131998,28.44363
2932,30.64,28.455364
2933,30.116,28.487873
2934,30.171999,28.49247
2935,30.226,28.49213
2936,30.289999,28.49322
2937,30.334,28.497192
2938,30.380001,28.502668
2939,30.414,28.509014
2940,30.464,28.515314
2941,30.513998,28.52209
2942,30.566,28.529327
2943,30.602,28.536985
2944,30.636,28.544218
2945,30.678,28.550863
2946,30.69,28.557396
2947,30.72,28.562654
2948,30.76,28.567501
2949,30.806,28.5727
2950,30.892,28.578585
2951,30.992,28.584866
2952,31.64,28.590548
2953,31.14,28.610258
2954,31.188,28.615395
2955,31.213999,28.61709
2956,31.248,28.618195
2957,31.278,28.61966
2958,31.307999,28.62149
2959,31.344,28.62358
2960,31.368,28.625977
2961,31.387999,28.628315
2962,31.396,28.630438
2963,31.408,28.632092
2964,31.406,28.633453
2965,31.406,28.634312
2966,31.4,28.634804
2967,31.38,28.634949
2968,31.372,28.6345
2969,31.36,28.633867
2970,31.352,28.633091
2971,31.33,28.632318
2972,31.216,28.631248
2973,31.13,28.627722
2974,31.137999,28.622652
2975,31.151999,28.618908
2976,31.164,28.61686
2977,31.166,28.616045
2978,31.142,28.615772
2979,31.12,28.615124
2980,31.622,28.614063
2981,31.720001,28.625118
2982,31.58,28.637867
2983,31.54,28.643976
2984,31.32,28.645967
2985,31.18,28.641306
2986,31.08,28.633263
2987,30.995998,28.624453
2988,30.992,28.616032
2989,30.994,28.610025
2990,30.986,28.606314
2991,30.984,28.603966
2992,30.987999,28.602541
2993,30.987999,28.601812
2994,30.992,28.601435
2995,31.018,28.601337
2996,31.058,28.601948
2997,31.019999,28.60348
2998,31.019999,28.603867
2999,30.992,28.6039
3000,30.992,28.603184
3001,30.992,28.602518
3002,30.998,28.602055
3003,30.994,28.601912
3004,30.987999,28.60178
3005,30.986,28.601547
3006,30.984,28.601313
3007,30.976,28.601099
3008,30.962,28.60076
3009,30.949999,28.600159
3010,30.949999,28.599392
3011,30.94,28.598808
3012,30.932001,28.5982
3013,30.908,28.597567
3014,30.897999,28.596544
3015,30.894001,28.595495
3016,30.89,28.594648
3017,30.876,28.593994
3018,30.88,28.593235
3019,30.868,28.59277
3020,30.858,28.592215
3021,30.852,28.591564
3022,30.844,28.590937
3023,30.836,28.590307
3024,30.825998,28.589668
3025,30.81,28.588972
3026,30.801998,28.588087
3027,30.798,28.587227
3028,30.788,28.586523
3029,30.769999,28.58582
3030,30.741999,28.58489
3031,30.717999,28.583517
3032,30.682,28.581705
3033,30.654,28.577692
3034,30.606,28.573355
3035,30.572,28.568007
3036,30.537998,28.562395
3037,30.504,28.556767
3038,30.464,28.551172
3039,30.448,28.54535
3040,30.416,28.540377
3041,30.392,28.535538
3042,30.362,28.530998
3043,30.34,28.526443
3044,30.322,28.522161
3045,30.308,28.518324
3046,30.287998,28.515024
3047,30.268,28.511864
3048,30.251999,28.508715
3049,30.23,28.505726
3050,30.22,28.502617
3051,30.203999,28.499897
3052,30.184,28.497303
3053,30.171999,28.494558
3054,30.157999,28.492004
3055,30.144,28.489576
3056,30.114,28.48722
3057,30.106,28.48419
3058,30.9,28.481493
3059,30.779999,28.515165
3060,30.62,28.542152
3061,30.46,28.55301
3062,30.22,28.550144
3063,30.01,28.534294
3064,29.975998,28.510557
3065,29.958,28.49014
3066,29.94,28.475319
3067,29.929998,28.465036
3068,29.904001,28.458158
3069,29.886,28.452774
3070,29.873999,28.448404
3071,29.845999,28.444933
3072,29.34,28.354944
3073,29.338,28.346485
3074,29.329998,28.339745
3075,29.304,28.333723
3076,29.297998,28.324713
3077,29.294,28.316305
3078,29.281998,28.30954
3079,29.262,28.302755
3080,29.251999,28.293898
3081,29.24,28.2841
3082,29.232,28.274414
3083,29.218,28.265661
3084,29.213999,28.256536
3085,29.210001,28.248915
3086,29.189999,28.242838
3087,29.189999,28.23456
3088,29.178,28.227974
3089,29.174,28.221037
3090,29.165998,28.215023
3091,29.146,28.209154
3092,29.136,28.200708
3093,29.124,28.191824
3094,29.116,28.182697
3095,29.112,28.17427
3096,29.102001,28.167416
3097,29.42,28.16066
3098,29.74,28.222055
3099,29.42,28.34287
3100,29.859999,28.380117
3101,29.78,28.435217
3102,29.640001,28.450264
3103,29.619999,28.453367
3104,29.56,28.452068
3105,29.499998,28.447454
3106,29.460001,28.440687
3107,29.359999,28.433514
3108,29.28,28.423733
3109,29.28,28.383205
3110,29.3,28.347174
3111,29.16,28.326857
3112,29.14,28.289055
3113,30.324999,28.249725
3114,30.324999,28.429945
3115,30.324999,28.476631
3116,30.324999,28.51018
3117,30.324999,28.531527
3118,29.794,28.544266
3119,29.460001,28.527746
3120,29.28,28.4943
3121,29.164,28.458263
3122,29.522001,28.426401
3123,29.460001,28.41932
3124,29.038,28.4107
3125,28.98,28.331968
3126,28.925999,28.240358
3127,28.907999,28.156336
3128,28.923998,28.093908
3129,28.928,28.056438
3130,28.954,28.035555
3131,28.944,28.029514
3132,28.928,28.026571
3133,28.932,28.021814
3134,28.958,28.018742
3135,28.98,28.02233
3136,29.008001,28.030998
3137,28.960001,28.04445
3138,28.944,28.045511
3139,28.934,28.040031
3140,28.938,28.03241
3141,28.954,28.027151
3142,28.973999,28.027178
3143,29.057999,28.032604
3144,28.987999,28.055387
3145,28.984001,28.061525
3146,29.036,28.061329
3147,29.22,28.070581
3148,29.42,28.11798
3149,29.56,28.20333
3150,29.76,28.302776
3151,29.52,28.40734
3152,28.985998,28.42873
3153,28.348,28.357517
3154,27.225998,28.127464
3155,26.232,27.683575
3156,25.498,27.09907
3157,24.87,26.416805
3158,24.418,25.577059
3159,23.439999,24.782698
3160,22.512001,23.88993
3161,22.053999,22.907158
3162,21.666,22.007027
3163,21.308,21.236713
3164,21.265999,20.581736
3165,21.062,20.11447
3166,20.92,19.746702
3167,20.576,19.452415
3168,20.28,19.137796
3169,20.218,18.802689
3170,20.234,18.531672
3171,19.908,18.35266
3172,19.898,18.131727
3173,20.252,17.957275
3174,20.172,17.961248
3175,20.134,17.97792
3176,19.842,17.980165
3177,20.094,17.878918
3178,19.933998,17.86695
3179,20.266,17.82419
3180,20.216,17.899113
3181,20.196001,17.964092
3182,20.482,18.00262
3183,20.148,18.122265
3184,19.838001,18.114595
3185,19.822,17.974031
3186,19.712,17.835022
3187,19.596,17.695889
3188,19.522,17.554455
3189,19.44,17.42508
3190,19.382,17.305225
3191,19.378,17.199678
3192,19.237501,17.124437
3193,19.752,17.02813
3194,19.752,17.128656
3195,19.752,17.247522
3196,19.752,17.338648
3197,19.752,17.399183
3198,19.356,17.43654
3199,19.508,17.323236
3200,20.29,17.257599
3201,21.164001,17.487537
3202,21.744,18.021719
3203,22.36,18.678009
3204,23.034,19.392908
3205,23.348,20.157122
3206,23.772,20.833515
3207,24.203999,21.450323
3208,24.448,22.032814
3209,24.727999,22.531713
3210,25.158,22.969265
3211,25.272,23.417246
3212,25.5,23.785727
3213,25.707998,24.11214
3214,25.866,24.409565
3215,25.121998,24.672386
3216,24.488,24.612936
3217,23.408,24.286205
3218,22.54,23.628117
3219,22.056,22.77972
3220,21.558,21.946787
3221,21.286,21.17286
3222,20.898,20.527908
3223,20.699999,19.954023
3224,20.514,19.482946
3225,20.519999,19.098682
3226,20.963999,18.839197
3227,21.264,18.82805
3228,21.162,18.978428
3229,21.168,19.091597
3230,21.128,19.168083
3231,21.246,19.202475
3232,21.44,19.258009
3233,20.977999,19.36911
3234,20.896,19.307308
3235,20.932,19.194534
3236,20.88,19.112488
3237,20.869999,19.041891
3238,20.826,18.989483
3239,20.689999,18.940363
3240,20.234,18.858967
3241,20.024,18.637526
3242,19.65,18.371363
3243,19.491999,18.03778
3244,19.354,17.724304
3245,19.226,17.452177
3246,19.138,17.218628
3247,19.147999,17.026632
3248,19.282,16.898985
3249,19.14,16.86611
3250,19.23,16.815317
3251,19.318,16.80478
3252,19.446,16.836426
3253,19.481998,16.913095
3254,19.434,16.992048
3255,19.354,17.033985
3256,19.448,17.028954
3257,19.214,17.046597
3258,18.934,16.984774
3259,18.415998,16.825516
3260,18.262,16.50929
3261,18.251999,16.18891
3262,17.986666,15.949902
3263,18.69,15.702836
3264,18.69,15.760825
3265,18.69,15.873394
3266,18.69,15.9683275
3267,18.472,16.033794
3268,18.251999,16.00038
3269,18.302,15.877894
3270,18.302,15.784803
3271,18.196001,15.723513
3272,18.558,15.649727
3273,18.52,15.71692
3274,18.178,15.785493
3275,18.194,15.718908
3276,17.912,15.644676
3277,17.886,15.491663
3278,17.88,15.3527355
3279,17.886,15.252209
3280,17.78,15.1894865
3281,17.876001,15.116039
3282,17.894,15.092738
3283,17.82,15.093317
3284,17.764,15.073894
3285,17.684,15.035936
3286,17.684,14.976312
3287,17.698,14.927762
3288,17.752,14.899693
3289,17.78,14.902283
3290,17.676,14.920939
3291,17.678,14.902621
3292,17.726,14.881395
3293,17.784,14.881632
3294,17.86,14.906653
3295,17.806,14.95664
3296,17.699999,14.980494
3297,17.718,14.955669
3298,17.654,14.932482
3299,18.165998,14.893973
3300,19.184,15.037625
3301,19.828,15.533055
3302,20.468,16.196705
3303,21.104,16.939676
3304,21.534,17.71863
3305,22.029999,18.442759
3306,22.312,19.125093
3307,22.599998,19.711035
3308,22.838001,20.214834
3309,23.236,20.64492
3310,23.199999,21.076595
3311,23.364,21.380949
3312,23.496,21.629509
3313,23.63,21.842728
3314,23.737999,22.035294
3315,23.848,22.207603
3316,23.934,22.365389
3317,24.237999,22.506245
3318,24.394,22.706678
3319,24.179998,22.917946
3320,24.251999,23.004572
3321,24.321999,23.063084
3322,24.386,23.122543
3323,24.448,23.187334
3324,24.51,23.256584
3325,24.568,23.328735
3326,24.622,23.401384
3327,24.684,23.472506
3328,25.675999,24.939604
3329,25.696001,24.964243
3330,25.706,24.98903
3331,25.73,25.01052
3332,25.736,25.033422
3333,25.754,25.0525
3334,25.762,25.071535
3335,25.782,25.088102
3336,25.788,25.10626
3337,25.803999,25.121908
3338,25.817999,25.13807
3339,25.831999,25.154634
3340,25.844,25.171476
3341,25.858,25.187836
3342,25.872,25.204317
3343,25.89,25.221035
3344,25.898,25.239262
3345,25.915998,25.255604
3346,25.932,25.273071
3347,25.949999,25.291393
3348,25.956,25.310944
3349,25.966,25.327528
3350,25.99,25.342293
3351,26.079998,25.36058
3352,26.16,25.404402
3353,26.28,25.468712
3354,26.439999,25.55683
3355,26.52,25.673662
3356,26.6,25.791126
3357,26.679998,25.901796
3358,26.74,26.00575
3359,26.7,26.098696
3360,26.42,26.151955
3361,26.116,26.097033
3362,26.13,25.938768
3363,26.138,25.803026
3364,26.151999,25.71108
3365,26.162,25.658003
3366,26.17,25.631094
3367,26.184,25.619822
3368,26.196001,25.619408
3369,26.213999,25.625277
3370,26.218,25.63651
3371,26.223999,25.647203
3372,26.223999,25.656738
3373,26.234001,25.663492
3374,26.248,25.670954
3375,26.248,25.680927
3376,26.258001,25.688772
3377,26.256,25.69708
3378,26.268,25.702671
3379,26.276,25.709803
3380,26.278,25.717823
3381,26.274,25.724524
3382,26.278,25.727911
3383,26.28,25.730843
3384,26.276,25.7335
3385,26.278,25.734163
3386,26.272,25.734798
3387,26.286,25.733429
3388,26.2875,25.736221
3389,26.3025,25.739693
3390,26.306665,25.746971
3391,26.31,25.754457
3392,26.329998,25.761015
3393,26.3525,25.771704
3394,26.369999,25.78736
3395,26.390001,25.80533
3396,26.422,25.825142
3397,26.449999,25.849855
3398,26.4825,25.877647
3399,26.495,25.90865
3400,26.505,25.93594
3401,26.515,25.958145
3402,26.5225,25.976301
3403,26.56,25.990965
3404,26.581999,26.01233
3405,26.617498,26.036245
3406,26.625,26.06518
3407,26.6025,26.089846
3408,26.145,26.100101
3409,25.092499,25.964918
3410,24.358002,25.508501
3411,23.494,24.82684
3412,23.182001,23.991096
3413,22.671999,23.23677
3414,22.25,22.53071
3415,22.118,21.881836
3416,21.966002,21.374939
3417,21.552,20.984785
3418,21.192,20.585464
3419,20.56,20.168577
3420,20.15,19.644238
3421,19.793999,19.095749
3422,19.584,18.56578
3423,19.45,18.109026
3424,19.366,17.745886
3425,19.23,17.472841
3426,19.116,17.246838
3427,19.17,17.053112
3428,18.905998,16.937338
3429,18.916,16.779661
3430,19.157999,16.65804
3431,19.318,16.660683
3432,18.976,16.746305
3433,19.076,16.710657
3434,18.944,16.691118
3435,18.886,16.635181
3436,18.916,16.56591
3437,18.84,16.522455
3438,18.788,16.47043
3439,18.646,16.412506
3440,18.518,16.31988
3441,18.45,16.199959
3442,18.251999,16.082567
3443,18.544,15.928946
3444,18.2,15.9085865
3445,17.949999,15.805833
3446,17.834,15.625678
3447,17.822,15.4358835
3448,17.816,15.2906275
3449,17.702,15.192441
3450,17.778,15.092056
3451,18.094,15.044282
3452,17.882,15.130307
3453,17.728,15.151071
3454,17.726,15.09822
3455,18.03,15.041906
3456,18.883999,15.10472
3457,19.766,15.472062
3458,20.446001,16.114618
3459,21.194,16.881935
3460,21.592001,17.728857
3461,22.114,18.503445
3462,22.44,19.22822
3463,22.792,19.858654
3464,23.234,20.417814
3465,23.428,20.960121
3466,23.72,21.419
3467,24.084,21.834297
3468,24.24,22.250887
3469,24.448,22.608585
3470,24.798,22.926367
3471,24.534,23.267048
3472,23.939999,23.433336
3473,23.064001,23.315533
3474,22.252,22.868984
3475,21.397999,22.191235
3476,20.855999,21.35188
3477,20.286,20.515377
3478,20.237999,19.709055
3479,19.878,19.108915
3480,19.782,18.592651
3481,19.57,18.199846
3482,19.289999,17.868204
3483,19.289999,17.543121
3484,18.996,17.306469
3485,18.74,17.05258
3486,18.59,16.774801
3487,18.501999,16.514519
3488,18.404001,16.297827
3489,18.484001,16.115635
3490,18.53,16.017786
3491,18.316,15.981515
3492,18.156,15.895349
3493,18.312,15.765805
3494,18.008001,15.714689
3495,17.894,15.590643
3496,17.855999,15.443831
3497,17.855999,15.317947
3498,18.222,15.230706
3499,18.34,15.301877
3500,17.92,15.4310875
3501,17.962002,15.394366
3502,18.3,15.343812
3503,17.944,15.420016
3504,18.33,15.382313
3505,18.376,15.461582
3506,18.66,15.562405
3507,18.786001,15.738886
3508,18.496,15.929044
3509,17.712,15.971586
3510,17.35,15.698696
3511,17.298,15.301506
3512,17.18,14.963986
3513,16.944,14.689887
3514,16.897999,14.422569
3515,16.848,14.212439
3516,16.824,14.054361
3517,16.902,13.942523
3518,17.23,13.897954
3519,18.118,13.993964
3520,18.958,14.4025955
3521,19.712,15.062967
3522,20.384,15.863862
3523,21.039999,16.713652
3524,20.688,17.572042
3525,20.466,18.08187
3526,19.796,18.298925
3527,18.942001,18.16067
3528,18.272001,17.684065
3529,17.982,17.026516
3530,17.536001,16.403406
3531,17.324,15.801264
3532,17.404,15.291935
3533,17.386,14.967602
3534,16.896,14.766281
3535,16.868,14.478035
3536,16.914,14.237202
3537,16.846,14.087501
3538,16.82,13.975659
3539,16.686,13.893547
3540,16.692,13.794282
3541,16.712,13.719962
3542,16.742,13.678314
3543,16.772001,13.665677
3544,16.78,13.67358
3545,16.666,13.68686
3546,16.692,13.658425
3547,16.592001,13.63701
3548,16.486,13.588645
3549,16.528,13.510394
3550,16.488,13.460694
3551,16.392,13.417106
3552,16.416,13.353478
3553,16.416,13.310614
3554,16.412,13.2839775
3555,16.346,13.266822
3556,16.288,13.233665
3557,16.314,13.185694
3558,16.332,13.156138
3559,16.364,13.144991
3560,16.344,13.152071
3561,16.354,13.154591
3562,16.274,13.158866
3563,16.236,13.134767
3564,16.184,13.09751
3565,16.154,13.049303
3566,16.276001,13.001106
3567,16.154,13.007919
3568,16.17,12.983466
3569,15.932,12.963922
3570,16.012001,12.868642
3571,16.317999,12.809053
3572,16.78,12.8791895
3573,17.448,13.119731
3574,17.452,13.565412
3575,17.092001,13.940283
3576,16.65,14.07438
3577,16.338,13.964753
3578,16.526001,13.720816
3579,17.07,13.576177
3580,17.382,13.6806755
3581,17.686,13.922131
3582,17.364,14.235193
3583,16.99,14.369983
3584,22.71,21.29225
3585,22.755999,21.363676
3586,22.802,21.431364
3587,22.848,21.495554
3588,22.896,21.557205
3589,22.94,21.618134
3590,22.973999,21.677376
3591,23.119999,21.731836
3592,23.66,21.819843
3593,23.699999,22.073887
3594,23.127998,22.311651
3595,23.156,22.289515
3596,23.185999,22.222828
3597,23.2225,22.17381
3598,23.26,22.15424
3599,23.286,22.159313
3600,23.307999,22.177448
3601,23.338,22.201143
3602,23.36,22.229877
3603,23.384,22.259485
3604,23.422,22.289454
3605,23.432,22.324232
3606,23.466,22.353992
3607,23.482,22.38616
3608,23.514,22.415903
3609,23.544,22.447685
3610,23.571999,22.481508
3611,23.59,22.516138
3612,23.619999,22.547718
3613,23.638,22.5802
3614,23.651999,22.610235
3615,23.674,22.636362
3616,23.706,22.66197
3617,23.73,22.691322
3618,23.744,22.72172
3619,23.768,22.748924
3620,23.797998,22.776144
3621,23.81,22.806135
3622,23.836,22.832754
3623,23.862,22.860176
3624,23.874,22.889153
3625,23.890001,22.914753
3626,23.912,22.938078
3627,23.918,22.962004
3628,23.928,22.981678
3629,23.946,22.998455
3630,23.960001,23.01609
3631,23.972,23.033888
3632,23.994,23.050982
3633,24.039999,23.070688
3634,24.24,23.10111
3635,24.44,23.19271
3636,24.58,23.340712
3637,24.76,23.508858
3638,24.4,23.69671
3639,24.272001,23.718857
3640,24.132,23.65414
3641,24.186,23.539923
3642,24.234,23.462837
3643,24.392,23.430937
3644,24.633999,23.470728
3645,24.772,23.597157
3646,24.81,23.755747
3647,24.93,23.892015
3648,24.994,24.02661
3649,25.16,24.145456
3650,25.325998,24.283913
3651,25.183998,24.444685
3652,25.174,24.52098
3653,25.12,24.554094
3654,25.779999,24.550602
3655,25.42,24.757204
3656,25.097998,24.83848
3657,24.984,24.762815
3658,24.957998,24.63338
3659,24.957998,24.517467
3660,24.97,24.435623
3661,24.99,24.387407
3662,24.991999,24.366436
3663,24.97,24.357956
3664,24.334002,24.347319
3665,23.622,24.128616
3666,22.38,23.681091
3667,21.316,22.883764
3668,20.682,21.856873
3669,20.028,20.836203
3670,19.634,19.867584
3671,19.408,19.035498
3672,19.192001,18.376375
3673,19.424,17.860434
3674,18.942001,17.595222
3675,18.902,17.293106
3676,18.844,17.04963
3677,18.606,16.8649
3678,18.334,16.661575
3679,18.302,16.415009
3680,17.968,16.213873
3681,17.83,15.962298
3682,17.852001,15.719026
3683,17.628,15.550524
3684,17.546,15.367248
3685,17.574,15.20142
3686,17.548,15.093702
3687,17.472,15.019109
3688,17.345999,14.946169
3689,17.39,14.849672
3690,17.362,14.788767
3691,17.336,14.742805
3692,17.251999,14.703699
3693,17.208,14.647665
3694,17.178,14.587719
3695,17.148,14.532584
3696,17.172,14.482946
3697,17.124,14.456235
3698,17.204,14.425401
3699,17.142,14.429415
3700,17.234,14.419026
3701,17.09,14.439829
3702,16.987999,14.412661
3703,16.936,14.346547
3704,16.818,14.27128
3705,16.803999,14.173399
3706,16.848,14.091733
3707,16.818,14.050827
3708,16.892,14.019918
3709,17.008,14.02509
3710,16.924,14.077142
3711,17.088001,14.0971155
3712,17.908,14.160836
3713,18.618,14.500054
3714,19.324001,15.056129
3715,19.800001,15.755998
3716,20.406,16.46503
3717,20.632,17.194197
3718,21.070002,17.810234
3719,21.294,18.38522
3720,21.574,18.873178
3721,21.846,19.30366
3722,22.208,19.698545
3723,22.325998,20.102123
3724,22.527998,20.439693
3725,22.718,20.739964
3726,22.852,21.015194
3727,22.448,21.256123
3728,21.734,21.288107
3729,20.768,21.021774
3730,19.93,20.430061
3731,19.314,19.63651
3732,18.786001,18.796965
3733,18.345999,17.987385
3734,18.224,17.250845
3735,18.128,16.686186
3736,17.782,16.279085
3737,17.678,15.898128
3738,17.67,15.58931
3739,17.558,15.376983
3740,17.522,15.205119
3741,17.435999,15.076374
3742,17.380001,14.962629
3743,17.552,14.863776
3744,17.612,14.854238
3745,17.688,14.888576
3746,17.758001,14.95009
3747,17.756,15.025587
3748,17.67,15.083374
3749,17.672,15.092018
3750,17.694,15.087857
3751,17.632,15.089421
3752,17.64,15.070514
3753,17.657999,15.05476
3754,17.668001,15.050138
3755,17.674,15.05279
3756,17.633999,15.058478
3757,17.604,15.049485
3758,17.58,15.029197
3759,17.562,15.003457
3760,17.526,14.977138
3761,17.576,14.945349
3762,17.532,14.938066
3763,17.594,14.9232
3764,17.666,14.931916
3765,17.738,14.968549
3766,17.834,15.026581
3767,18.016,15.107046
3768,18.554,15.233791
3769,18.606,15.522399
3770,18.501999,15.788874
3771,18.334,15.943145
3772,17.884,15.972507
3773,17.486,15.810391
3774,17.312,15.510573
3775,17.334,15.199364
3776,17.05,14.97645
3777,16.994,14.735641
3778,16.928001,14.535874
3779,16.908,14.37628
3780,16.88,14.2617445
3781,16.848,14.178535
3782,16.806,14.113605
3783,16.888,14.055866
3784,16.734,14.043562
3785,16.65,13.99198
3786,16.63,13.916385
3787,16.640001,13.8487015
3788,16.646,13.804411
3789,16.602,13.779387
3790,16.566,13.75045
3791,16.581999,13.715928
3792,16.68,13.6949
3793,16.62,13.716379
3794,16.512,13.721212
3795,16.556,13.683708
3796,16.59,13.661688
3797,16.568,13.660803
3798,16.514,13.657512
3799,16.444,13.635939
3800,16.482,13.591807
3801,16.473999,13.567397
3802,16.472,13.5513
3803,16.478,13.540753
3804,16.38,13.536385
3805,16.334,13.5008135
3806,16.334,13.451697
3807,16.33,13.412665
3808,17.15,13.385057
3809,17.15,13.650037
3810,17.15,13.911347
3811,17.15,14.101858
3812,17.016,14.225099
3813,16.67,14.2537155
3814,16.538,14.133635
3815,16.52,13.966015
3816,16.496,13.826137
3817,16.344,13.72181
3818,16.256,13.601244
3819,16.199999,13.478891
3820,16.154,13.369586
3821,16.166,13.276697
3822,16.192001,13.216261
3823,16.166,13.1885805
3824,16.124,13.16689
3825,16.278,13.137911
3826,16.214,13.168157
3827,16.456,13.181984
3828,15.944,13.271742
3829,15.896,13.178417
3830,15.886,13.051441
3831,15.854,12.947343
3832,15.84,12.865365
3833,15.849999,12.805599
3834,16.108,12.77041
3835,16.782,12.83922
3836,17.504,13.1458235
3837,18.095999,13.673803
3838,18.608,14.315201
3839,19.102,14.987076
3840,22.984,21.410885
3841,23.32,21.470575
3842,23.66,21.62567
3843,23.269999,21.874872
3844,23.148,21.948715
3845,23.184,21.921589
3846,23.21,21.890491
3847,23.237999,21.875483
3848,23.26,21.877544
3849,23.286,21.890331
3850,23.306,21.910849
3851,23.328001,21.934332
3852,23.358,21.95957
3853,23.376667,21.98848
3854,23.386,22.016735
3855,23.398,22.040274
3856,23.414,22.060366
3857,23.424,22.079855
3858,23.446001,22.097315
3859,23.466,22.116957
3860,23.484001,22.138523
3861,23.509998,22.160772
3862,23.542,22.185915
3863,23.574,22.21568
3864,23.612,22.249237
3865,23.626001,22.287376
3866,23.654,22.32104
3867,23.672,22.354013
3868,23.708,22.384024
3869,23.716,22.417336
3870,23.735998,22.445164
3871,23.748,22.47096
3872,23.762,22.493393
3873,23.776,22.513712
3874,23.792,22.532782
3875,23.81,22.551794
3876,23.838,22.571703
3877,23.852001,22.595833
3878,23.866001,22.619137
3879,23.883999,22.640697
3880,23.890001,22.662075
3881,23.907999,22.6797
3882,23.93,22.697735
3883,23.932,22.718382
3884,23.952,22.734768
3885,23.976,22.752457
3886,23.996,22.773716
3887,24.1,22.796774
3888,24.24,22.848743
3889,24.5,22.940105
3890,24.66,23.10264
3891,24.679998,23.291197
3892,24.76,23.44194
3893,24.7,23.569923
3894,24.26,23.638659
3895,24.42,23.529638
3896,24.109999,23.46162
3897,24.27,23.318165
3898,24.264,23.24891
3899,24.117998,23.213268
3900,24.15,23.14626
3901,24.182,23.100574
3902,24.202002,23.082642
3903,24.216,23.082478
3904,24.241999,23.091097
3905,24.27,23.108112
3906,24.308,23.131811
3907,24.342001,23.163399
3908,24.372,23.199835
3909,24.407999,23.237467
3910,24.46,23.277441
3911,24.486,23.324429
3912,24.512001,23.369144
3913,24.560001,23.410074
3914,24.6,23.455095
3915,24.636,23.502274
3916,24.688,23.549181
3917,24.727999,23.600723
3918,24.778,23.652784
3919,24.736,23.707582
3920,24.4,23.734463
3921,23.462,23.636478
3922,22.248,23.223505
3923,21.216,22.441454
3924,20.588,21.436516
3925,20.016,20.437029
3926,19.522,19.512789
3927,19.27,18.685465
3928,18.892,18.012661
3929,18.624,17.427666
3930,18.542,16.92799
3931,18.372,16.553719
3932,18.272001,16.250444
3933,18.248001,16.010582
3934,18.06,15.841475
3935,17.868,15.670022
3936,17.752,15.478665
3937,17.666,15.294533
3938,17.456,15.13205
3939,17.310001,14.946381
3940,17.258,14.755282
3941,17.16,14.596342
3942,17.258,14.4539585
3943,17.380001,14.387072
3944,17.218,14.397165
3945,16.84,14.366919
3946,16.838001,14.206221
3947,16.754,14.057873
3948,16.702,13.923437
3949,16.7,13.810454
3950,16.764,13.731993
3951,16.846,13.704395
3952,16.932001,13.724006
3953,16.896,13.778665
3954,16.908,13.814425
3955,16.794,13.840404
3956,16.634,13.818122
3957,16.494,13.735943
3958,16.448,13.614192
3959,16.378,13.500335
3960,16.368,13.394769
3961,16.368,13.315994
3962,16.376,13.264483
3963,16.390001,13.235771
3964,16.5,13.224752
3965,16.466,13.25837
3966,16.473999,13.281596
3967,16.614,13.298982
3968,17.468,13.358257
3969,18.254,13.703437
3970,18.942001,14.290613
3971,19.454,15.011164
3972,19.970001,15.744078
3973,20.344,16.459438
3974,20.686,17.106512
3975,21.056,17.680922
3976,21.265999,18.210524
3977,21.536001,18.658554
3978,21.806,19.057592
3979,22.166,19.42995
3980,22.236,19.817553
3981,22.438,20.1284
3982,22.575998,20.405901
3983,22.182,20.647614
3984,21.486,20.68403
3985,20.470001,20.429346
3986,19.584,19.833143
3987,19.096,19.018188
3988,18.500002,18.202044
3989,18.344002,17.399965
3990,18.078001,16.762934
3991,17.662,16.243473
3992,17.418001,15.747903
3993,17.268,15.307011
3994,17.362,14.94551
3995,16.98,14.731156
3996,16.962,14.47739
3997,16.914,14.276559
3998,16.864,14.125492
3999,16.873999,14.009519
4000,16.864,13.936284
4001,16.84,13.889116
4002,16.802,13.852525
4003,16.784,13.815131
4004,16.78,13.78149
4005,16.752,13.756485
4006,16.794,13.730604
4007,16.758,13.725842
4008,16.646,13.714834
4009,16.598,13.667193
4010,16.56,13.607409
4011,16.57,13.547859
4012,16.6,13.507747
4013,16.546,13.493094
4014,16.512,13.469753
4015,16.473999,13.439044
4016,16.44,13.4018755
4017,16.552,13.361545
4018,16.588,13.369608
4019,16.63,13.398966
4020,16.608,13.439706
4021,16.6,13.464646
4022,16.584,13.476579
4023,16.658,13.4768505
4024,16.938,13.499692
4025,17.548,13.617378
4026,17.473999,13.933956
4027,17.214,14.18621
4028,16.912,14.267209
4029,16.706001,14.183861
4030,16.712,14.01458
4031,16.764,13.872866
4032,16.736,13.793233
4033,16.656,13.7396
4034,16.598,13.678961
4035,16.562,13.613107
4036,16.588,13.551385
4037,16.57,13.516011
4038,16.62,13.489904
4039,16.6,13.489834
4040,16.584,13.489064
4041,16.556,13.482963
4042,16.544,13.467766
4043,16.548,13.450475
4044,16.449999,13.4386635
4045,16.383999,13.397727
4046,16.352,13.338495
4047,16.33,13.280002
4048,16.33,13.229825
4049,16.398,13.195004
4050,16.421999,13.196292
4051,16.41,13.213758
4052,16.386,13.22614
4053,16.314,13.2258415
4054,16.346,13.19808
4055,16.342,13.182396
4056,16.346,13.172321
4057,16.359999,13.1676
4058,16.396,13.170201
4059,16.346,13.186119
4060,16.34,13.18373
4061,16.444,13.175719
4062,16.444,13.204148
4063,16.404,13.233304
4064,16.359999,13.241139
4065,16.362,13.226929
4066,16.314,13.212149
4067,16.286,13.184797
4068,16.292,13.152273
4069,16.938,13.129332
4070,17.723999,13.33574
4071,18.364,13.808383
4072,19.012001,14.434363
4073,19.328,15.149245
4074,19.702,15.800925
4075,20.086,16.39102
4076,20.312,16.939756
4077,20.588,17.408981
4078,20.852001,17.828163
4079,21.378,18.213314
4080,21.276,18.665419
4081,21.448,18.976002
4082,21.59,19.229338
4083,21.717999,19.449257
4084,21.838,19.645508
4085,21.952,19.824045
4086,22.56,19.988916
4087,22.154,20.310741
4088,22.238,20.44618
4089,22.308,20.530582
4090,22.387999,20.604141
4091,22.442,20.682308
4092,22.505999,20.758678
4093,22.56,20.835516
4094,22.599998,20.910154
4095,22.660002,20.977644
4096,23.636,22.796926
4097,23.656,22.827028
4098,23.664001,22.854946
4099,23.698,22.877548
4100,23.722,22.904224
4101,23.746,22.932697
4102,23.774,22.961973
4103,23.794,22.992928
4104,23.814,23.022648
4105,23.826,23.050793
4106,23.844002,23.07503
4107,23.854,23.097885
4108,23.882,23.117626
4109,23.890001,23.140697
4110,23.906,23.161024
4111,23.898,23.180607
4112,23.902,23.1921
4113,23.902,23.199978
4114,23.904,23.20491
4115,23.9,23.208506
4116,23.902,23.209486
4117,23.914001,23.21027
4118,23.924,23.214794
4119,23.93,23.222303
4120,23.926,23.230482
4121,23.936,23.23529
4122,23.936,23.241362
4123,23.936,23.2461
4124,23.938,23.249254
4125,23.942,23.251873
4126,23.946,23.255
4127,23.956,23.258738
4128,23.963999,23.264954
4129,23.958,23.272741
4130,23.97,23.276804
4131,23.974,23.282919
4132,23.986,23.2892
4133,23.986,23.297838
4134,24.012,23.304707
4135,24.018,23.317995
4136,24.08,23.331202
4137,24.2,23.361525
4138,24.24,23.427656
4139,24.4,23.497625
4140,24.48,23.603012
4141,24.58,23.714926
4142,24.6,23.831614
4143,24.66,23.92479
4144,24.740002,24.007536
4145,24.539999,24.09229
4146,24.264,24.088331
4147,24.112,23.97318
4148,24.117998,23.812654
4149,24.122,23.68669
4150,24.133999,23.603716
4151,24.133999,23.55682
4152,24.144,23.530785
4153,24.148,23.519802
4154,24.141998,23.516556
4155,24.162,23.513931
4156,24.176,23.518833
4157,24.196,23.528797
4158,24.203999,23.543898
4159,24.23,23.558895
4160,24.236,23.578587
4161,24.265999,23.59609
4162,24.368,23.61837
4163,24.526,23.669743
4164,24.674,23.766617
4165,24.803999,23.897211
4166,24.858,24.043758
4167,24.935999,24.172573
4168,25.308,24.288681
4169,25.145998,24.49402
4170,25.175999,24.611206
4171,25.226,24.686655
4172,25.192,24.748852
4173,25.142,24.779978
4174,25.152,24.779202
4175,25.303999,24.774563
4176,24.973999,24.82025
4177,24.124,24.756512
4178,23.146,24.40202
4179,22.548,23.748995
4180,21.679998,23.001575
4181,21.679998,22.140778
4182,21.679998,21.484154
4183,21.679998,21.050484
4184,21.679998,20.784216
4185,21.112,20.627775
4186,20.636,20.346989
4187,19.992,19.952051
4188,19.539999,19.417072
4189,19.296,18.837748
4190,19.334,18.320753
4191,18.996,17.969955
4192,18.994,17.636072
4193,18.77,17.394997
4194,18.576,17.163492
4195,18.4075,16.92972
4196,18.415,16.700424
4197,18.415,16.536228
4198,18.415,16.431026
4199,18.415,16.36782
4200,18.2,16.331305
4201,17.88,16.23724
4202,17.812,16.045584
4203,17.696,15.859631
4204,17.624,15.685032
4205,17.566,15.535318
4206,17.504,15.411524
4207,17.464,15.305714
4208,17.434,15.218738
4209,17.5,15.14916
4210,17.542,15.124855
4211,17.68,15.131874
4212,17.702,15.191541
4213,17.66,15.254838
4214,17.632,15.287672
4215,17.532,15.295194
4216,17.477999,15.260558
4217,17.4,15.207044
4218,17.402,15.136798
4219,17.32,15.082249
4220,17.39,15.017813
4221,17.404,14.992418
4222,17.444,14.987609
4223,17.61,15.002507
4224,18.51,15.074874
4225,19.512001,15.449501
4226,20.242,16.135927
4227,20.802,16.959084
4228,21.383999,17.783651
4229,21.784,18.585377
4230,22.154,19.302616
4231,22.382,19.93076
4232,22.660002,20.446566
4233,22.93,20.891981
4234,23.26,21.29237
4235,23.388,21.685667
4236,23.594,22.014727
4237,23.8,22.309654
4238,23.924,22.586184
4239,23.400002,22.825512
4240,22.674,22.816992
4241,21.359999,22.510515
4242,20.444,21.775637
4243,19.952,20.829542
4244,19.515999,19.92152
4245,19.254,19.113628
4246,19.318,18.455912
4247,19.564,18.031118
4248,19.528002,17.857729
4249,19.458,17.776295
4250,19.418001,17.713856
4251,19.435999,17.658827
4252,19.386,17.626411
4253,19.265999,17.591034
4254,19.364,17.523647
4255,19.112,17.500889
4256,18.988,17.40846
4257,19.26,17.282444
4258,19.419998,17.275627
4259,19.048,17.35274
4260,18.894001,17.301172
4261,18.87,17.181112
4262,18.912,17.069372
4263,18.946,17.0039
4264,18.946,16.978249
4265,18.921999,16.968607
4266,18.828,16.95704
4267,18.671999,16.916012
4268,18.609999,16.825764
4269,18.316,16.727308
4270,18.460001,16.552694
4271,18.652,16.456612
4272,18.254,16.470072
4273,18.585999,16.368935
4274,18.374,16.382326
4275,18.202,16.345802
4276,18.22,16.248665
4277,17.91,16.169823
4278,17.806,16.010094
4279,17.76,15.838982
4280,17.746,15.695414
4281,17.768,15.591925
4282,17.63,15.53294
4283,17.626,15.45278
4284,17.63,15.387778
4285,17.712,15.345018
4286,18.202,15.347157
4287,18.501999,15.526819
4288,18.592001,15.8019705
4289,18.696,16.056086
4290,18.776,16.27278
4291,18.816,16.450275
4292,18.876,16.58484
4293,19.348001,16.693983
4294,19.394001,16.929464
4295,18.630001,17.146494
4296,18.324,17.03979
4297,18.304,16.782528
4298,18.296001,16.552828
4299,18.136,16.388279
4300,18.152,16.227806
4301,18.16,16.116758
4302,18.246,16.049606
4303,18.2,16.03999
4304,18.304,16.030392
4305,18.342001,16.059011
4306,18.246,16.101728
4307,18.316,16.10316
4308,18.27,16.118778
4309,18.244,16.118023
4310,18.3,16.104788
4311,18.31,16.111382
4312,18.194,16.124184
4313,18.174,16.095293
4314,18.172,16.057693
4315,18.248001,16.027489
4316,18.23,16.033098
4317,18.292,16.039286
4318,18.324,16.065144
4319,18.324,16.099548
4320,18.320002,16.126734
4321,18.328001,16.143557
4322,18.266,16.156256
4323,18.194,16.143364
4324,18.184,16.103355
4325,18.184,16.06443
4326,18.254,16.036243
4327,18.297998,16.042055
4328,18.972,16.069187
4329,19.562,16.324703
4330,20.220001,16.765898
4331,20.654,17.356018
4332,21.244,17.969969
4333,21.429998,18.625525
4334,21.698,19.177984
4335,21.946,19.648788
4336,22.322,20.05691
4337,22.25,20.468258
4338,22.37,20.745844
4339,22.480001,20.95862
4340,22.578,21.1364
4341,22.67,21.29139
4342,22.744,21.430222
4343,22.822,21.552843
4344,22.906,21.664877
4345,22.971998,21.772566
4346,23.400002,21.87236
4347,23.434,22.086973
4348,23.174002,22.281752
4349,23.237999,22.332705
4350,23.31,22.358257
4351,23.376001,22.395315
4352,24.556,23.848242
4353,24.574,23.881474
4354,24.6,23.9118
4355,24.616,23.941906
4356,24.64,23.969166
4357,24.652,23.996378
4358,24.676,24.020233
4359,24.706,24.04484
4360,24.706,24.072922
4361,24.685999,24.09425
4362,24.684,24.101679
4363,24.698,24.103249
4364,24.706,24.107683
4365,24.713333,24.114225
4366,24.722,24.121904
4367,24.716002,24.130646
4368,24.717999,24.135292
4369,24.72,24.138412
4370,24.736,24.140995
4371,24.736,24.148052
4372,24.732,24.15423
4373,24.736,24.157213
4374,24.741999,24.159996
4375,24.751999,24.163973
4376,24.746,24.170458
4377,24.755999,24.173786
4378,24.76,24.178802
4379,24.768,24.18418
4380,25.222,24.190836
4381,25.212,24.345888
4382,24.916,24.489996
4383,24.876,24.495207
4384,24.852,24.453943
4385,24.828,24.405188
4386,24.824001,24.359879
4387,24.834,24.326206
4388,24.842,24.307549
4389,24.854,24.299988
4390,24.864,24.30097
4391,24.871998,24.306948
4392,24.873999,24.315105
4393,24.897999,24.322233
4394,24.906,24.33496
4395,24.906,24.348278
4396,24.91,24.358265
4397,24.916,24.36609
4398,24.93,24.373299
4399,24.921999,24.383062
4400,24.932,24.388144
4401,24.932,24.39408
4402,24.943998,24.398617
4403,24.964,24.405577
4404,24.97,24.41782
4405,24.976,24.429966
4406,24.996,24.440807
4407,25.06,24.45503
4408,25.199999,24.48733
4409,25.32,24.561275
4410,25.32,24.664465
4411,25.36,24.746628
4412,25.42,24.81507
4413,25.48,24.881744
4414,25.44,24.949852
4415,25.5,24.986671
4416,25.5,25.026093
4417,25.68,25.055529
4418,25.720001,25.13356
4419,25.88,25.214851
4420,25.108,25.327257
4421,25.137999,25.164494
4422,25.166,24.991716
4423,25.192,24.871563
4424,25.22,24.804583
4425,25.244,24.776997
4426,25.284,24.773762
4427,25.31,24.790144
4428,25.354,24.815224
4429,25.392,24.85003
4430,25.428,24.890244
4431,25.47,24.932682
4432,25.685999,24.977987
4433,25.678,25.082186
4434,25.659998,25.169662
4435,25.656,25.223814
4436,25.683998,25.254473
4437,25.699999,25.28064
4438,25.723999,25.303968
4439,25.73,25.328209
4440,25.742,25.348099
4441,25.764,25.365564
4442,25.774,25.384947
4443,25.788,25.402826
4444,25.807999,25.420118
4445,25.824,25.439148
4446,25.648,25.458614
4447,25.183998,25.41558
4448,24.436,25.21814
4449,23.218,24.791256
4450,22.438,24.021416
4451,21.74,23.117014
4452,21.382,22.190416
4453,20.764,21.387327
4454,20.664,20.620085
4455,21.09,20.033495
4456,21.296001,19.789722
4457,20.966,19.75948
4458,20.574,19.67504
4459,20.374,19.468622
4460,20.368,19.222292
4461,19.96,19.03118
4462,19.911999,18.764803
4463,19.716,18.536978
4464,19.594,18.312628
4465,19.524,18.107985
4466,19.534,17.939072
4467,19.488,17.827385
4468,19.382,17.743095
4469,19.45,17.651424
4470,19.23,17.605925
4471,19.136,17.50834
4472,19.254,17.393112
4473,19.17,17.345144
4474,19.16,17.296778
4475,19.52,17.258083
4476,19.46,17.354815
4477,19.01,17.436104
4478,18.938,17.338419
4479,19.133999,17.201483
4480,20.084,17.159323
4481,20.966,17.47423
4482,21.477999,18.086243
4483,22.116,18.775259
4484,22.529999,19.508615
4485,23.056,20.194195
4486,23.345999,20.860802
4487,23.698,21.440802
4488,24.262,21.962519
4489,24.249998,22.518423
4490,24.49,22.928692
4491,24.693998,23.275244
4492,24.883999,23.581568
4493,25.252,23.858658
4494,25.264,24.175734
4495,24.708,24.420559
4496,24.074,24.399471
4497,22.994001,24.113058
4498,22.217999,23.482695
4499,21.561998,22.681604
4500,21.119999,21.836432
4501,20.776,21.059286
4502,20.526,20.390425
4503,20.36,19.841879
4504,20.298,19.412205
4505,20.124,19.104315
4506,20.542,18.847126
4507,20.016,18.812922
4508,19.852,18.660097
4509,19.774,18.465588
4510,19.75,18.287458
4511,19.654,18.153143
4512,19.682001,18.032396
4513,19.682001,17.95692
4514,19.596,17.91218
4515,19.484,17.857254
4516,19.418001,17.776625
4517,19.448,17.689316
4518,19.392,17.63421
4519,19.292,17.58226
4520,19.302,17.510693
4521,19.352,17.45759
4522,19.228,17.440042
4523,19.147999,17.393042
4524,19.584,17.324638
4525,19.255999,17.418552
4526,19.562,17.41241
4527,19.584,17.489418
4528,19.178,17.572273
4529,19.34,17.495682
4530,19.022001,17.458498
4531,18.977999,17.331781
4532,18.962,17.203667
4533,18.921999,17.104279
4534,18.89,17.024529
4535,18.864,16.959784
4536,18.818,16.907082
4537,18.764,16.855614
4538,18.706,16.799652
4539,18.73,16.73811
4540,18.734,16.69988
4541,18.666,16.678684
4542,18.964,16.644022
4543,19.948,16.71728
4544,20.519999,17.131416
4545,21.232,17.70682
4546,21.692,18.40625
4547,22.262001,19.100395
4548,22.564001,19.796364
4549,23.03,20.40759
4550,23.232,20.99117
4551,23.494,21.479036
4552,23.737999,21.901339
4553,23.952,22.276482
4554,24.308,22.611288
4555,24.264,22.9654
4556,24.438,23.213917
4557,24.564,23.428911
4558,24.671999,23.62015
4559,24.778,23.789915
4560,24.878,23.94408
4561,24.973999,24.086176
4562,25.4,24.219002
4563,25.274,24.454384
4564,25.174,24.608501
4565,25.234,24.669529
4566,25.289999,24.712543
4567,25.338001,24.75829
4568,25.386002,24.808079
4569,25.421999,24.861307
4570,25.462,24.912802
4571,25.494,24.963207
4572,25.54,25.010069
4573,25.574,25.058615
4574,25.602,25.10559
4575,25.64,25.148727
4576,25.675999,25.19166
4577,25.694,25.234901
4578,25.723999,25.272497
4579,25.754,25.308456
4580,25.778,25.344164
4581,25.793999,25.378052
4582,25.815998,25.407639
4583,25.862,25.435461
4584,25.88,25.470404
4585,25.900002,25.50347
4586,25.918,25.533735
4587,25.935999,25.561096
4588,25.962,25.586306
4589,25.985998,25.612726
4590,26.057999,25.639902
4591,26.359999,25.680557
4592,26.48,25.805042
4593,26.6,25.951668
4594,26.42,26.100286
4595,26.124,26.155
4596,26.132,26.084644
4597,26.151999,26.006382
4598,26.17,25.953365
4599,26.189999,25.925789
4600,26.218,25.917492
4601,26.234001,25.924307
4602,26.259998,25.937601
4603,26.289999,25.956676
4604,26.304,25.981012
4605,26.314,26.00417
4606,26.329998,26.023876
4607,26.342001,26.042316
4608,26.608,25.906322
4609,26.616001,25.91241
4610,26.63,25.91885
4611,26.638,25.92783
4612,26.640001,25.937382
4613,26.633999,25.945114
4614,26.644,25.948566
4615,26.652,25.95309
4616,26.654,25.959042
4617,26.652,25.964325
4618,26.654,25.967445
4619,26.66,25.969826
4620,26.668,25.973192
4621,26.673334,25.978273
4622,26.676,25.98398
4623,26.671999,25.989107
4624,26.682,25.99153
4625,26.67,25.995663
4626,26.671999,25.99551
4627,26.663998,25.995005
4628,26.655998,25.992165
4629,26.65,25.987152
4630,26.655998,25.98119
4631,26.652,25.97839
4632,26.646,25.975874
4633,26.654,25.972305
4634,26.652,25.971827
4635,26.654,25.971598
4636,26.655998,25.972082
4637,26.652,25.973198
4638,26.655998,25.972967
4639,26.662,25.973684
4640,26.665998,25.976217
4641,26.662,25.97969
4642,26.668,25.981262
4643,26.676,25.983765
4644,26.689999,25.9882
4645,26.698,25.99607
4646,26.698,26.005024
4647,26.708,26.011833
4648,26.710001,26.019312
4649,26.698,26.025549
4650,26.696,26.026247
4651,26.686,26.024889
4652,26.682,26.02043
4653,26.687998,26.015251
4654,26.684,26.01308
4655,26.674,26.010992
4656,26.689999,26.006493
4657,26.684,26.007412
4658,26.686,26.007542
4659,26.676,26.00805
4660,26.663998,26.005527
4661,26.668,25.999401
4662,26.66,25.995266
4663,26.652,25.990314
4664,26.652,25.98411
4665,26.654,25.979275
4666,26.654,25.976645
4667,26.655998,25.975222
4668,26.65,25.97506
4669,26.652,25.973442
4670,26.652,25.972511
4671,26.652,25.971992
4672,26.662,25.971706
4673,26.663998,25.974537
4674,26.662,25.97793
4675,26.67,25.979948
4676,26.682,25.983503
4677,26.698,25.99004
4678,26.716,26.000294
4679,26.732,26.014038
4680,26.749998,26.029688
4681,26.782,26.046965
4682,26.816,26.069551
4683,26.84,26.097464
4684,26.864,26.126307
4685,26.894,26.154812
4686,26.936,26.184566
4687,26.896,26.21917
4688,26.442,26.233742
4689,26.526,26.10438
4690,26.710001,26.001371
4691,26.824,25.98687
4692,26.914,26.03067
4693,26.999998,26.103046
4694,27.58,26.188307
4695,27.128,26.426203
4696,27.182,26.501472
4697,27.225998,26.535128
4698,27.27,26.563274
4699,27.311998,26.595697
4700,27.356,26.63292
4701,27.404,26.674398
4702,27.443998,26.720194
4703,27.48,26.766533
4704,27.524,26.811255
4705,27.57,26.8567
4706,27.62,26.90381
4707,27.652,26.943007
4708,27.682,26.976076
4709,27.726,27.006285
4710,27.765999,27.037004
4711,27.801998,27.068085
4712,27.844,27.098555
4713,27.886,27.12961
4714,27.916,27.16137
4715,27.957998,27.191141
4716,28.014,27.221361
4717,28.24,27.255424
4718,28.66,27.32885
4719,28.584,27.48001
4720,28.137999,27.592903
4721,28.175999,27.573174
4722,28.22,27.535963
4723,28.268,27.513866
4724,28.298,27.511244
4725,28.339998,27.520128
4726,28.377998,27.538122
4727,28.418,27.561409
4728,28.444,27.58811
4729,28.49,27.61394
4730,28.518002,27.642323
4731,28.556,27.66956
4732,28.61,27.697159
4733,28.632,27.728878
4734,28.668,27.757812
4735,28.696001,27.785877
4736,28.734,27.812119
4737,28.762,27.8389
4738,28.798,27.864523
4739,28.838,27.890589
4740,28.868,27.91817
4741,28.904,27.945026
4742,28.934,27.972088
4743,28.97,27.998245
4744,29.079998,28.02475
4745,29.38,28.067257
4746,29.76,28.164743
4747,29.272,28.32809
4748,29.126,28.349392
4749,29.162,28.325459
4750,29.192,28.29043
4751,29.226,28.271235
4752,29.262,28.267904
4753,29.292,28.276642
4754,29.329998,28.292097
4755,29.364,28.312908
4756,29.414001,28.336498
4757,29.437998,28.349646
4758,29.476,28.358507
4759,29.509998,28.36459
4760,29.544,28.370222
4761,29.585999,28.375843
4762,29.622,28.381788
4763,29.657999,28.387772
4764,29.694,28.393723
4765,29.72,28.399635
4766,29.748001,28.405064
4767,29.782,28.41014
4768,29.816,28.415257
4769,29.838,28.420488
4770,29.854,28.425282
4771,29.862,28.429367
4772,29.878,28.43252
4773,29.904001,28.43531
4774,29.926,28.438416
4775,29.938,28.441711
4776,29.966,28.444677
4777,29.986,28.448
4778,30.015999,28.45138
4779,30.08,28.455177
4780,30.179998,28.460888
4781,30.359999,28.46992
4782,30.62,28.485245
4783,30.402,28.509344
4784,30.122,28.518932
4785,30.131998,28.510107
4786,30.15,28.500113
4787,30.162,28.493443
4788,30.184,28.489897
4789,30.193998,28.48901
4790,30.22,28.489405
4791,30.244,28.491137
4792,30.255999,28.493757
4793,30.262001,28.496384
4794,30.272,28.498549
4795,30.284,28.50045
4796,30.302,28.502298
4797,30.311998,28.50444
4798,30.311998,28.506512
4799,30.328,28.507986
4800,30.334,28.509634
4801,30.352,28.511133
4802,30.342,28.512987
4803,30.34,28.51396
4804,30.348,28.514376
4805,30.354,28.514912
4806,30.354,28.515594
4807,30.346,28.516119
4808,30.359999,28.516104
4809,30.346,28.516602
4810,30.335999,28.516447
4811,30.324,28.515743
4812,30.306,28.514576
4813,30.298,28.512821
4814,30.284,28.51107
4815,30.263998,28.509174
4816,30.25,28.506878
4817,30.23,28.504503
4818,30.214,28.501873
4819,30.192,28.499199
4820,30.168,28.496271
4821,30.14,28.493025
4822,30.112,28.489351
4823,30.839998,28.48535
4824,30.66,28.51498
4825,30.4,28.53576
4826,30.119999,28.537184
4827,29.984,28.521389
4828,29.962,28.500078
4829,29.946,28.482475
4830,29.936,28.46986
4831,29.905998,28.461397
4832,29.894,28.454851
4833,29.862,28.450008
4834,29.84,28.445446
4835,29.826,28.441223
4836,29.797998,28.43762
4837,29.782,28.433863
4838,29.758,28.430416
4839,29.749998,28.426924
4840,29.73,28.424038
4841,29.708,28.421188
4842,29.698,28.418148
4843,29.688,28.415457
4844,29.671999,28.413141
4845,29.665998,28.410831
4846,29.65,28.408897
4847,29.647999,28.40686
4848,29.632,28.40528
4849,29.63,28.403515
4850,29.619999,28.402113
4851,29.605999,28.40073
4852,29.593998,28.399105
4853,29.593998,28.397337
4854,29.598,28.396029
4855,29.578,28.395369
4856,29.584,28.39413
4857,29.568,28.39338
4858,29.554,28.392227
4859,29.542,28.390675
4860,29.536,28.388924
4861,29.523998,28.387344
4862,29.512,28.385704
4863,29.506,28.383963
4864,29.318,28.317492
4865,29.305998,28.316017
4866,29.304,28.31315
4867,29.289999,28.310349
4868,29.278,28.305744
4869,29.288,28.29975
4870,29.286,28.29685
4871,29.28,28.295012
4872,29.283998,28.29258
4873,29.27,28.291536
4874,29.28,28.288172
4875,29.278,28.287247
4876,29.272,28.28672
4877,29.263332,28.285173
4878,29.268,28.281994
4879,29.273998,28.280258
4880,29.262,28.28057
4881,29.258001,28.278769
4882,29.273998,28.276133
4883,29.262,28.277328
4884,29.259998,28.276598
4885,29.25,28.2752
4886,29.248,28.271929
4887,29.235998,28.26868
4888,29.227999,28.263794
4889,29.222,28.258162
4890,29.222,28.252598
4891,29.210001,28.248535
4892,29.202,28.243395
4893,29.196,28.237698
4894,29.188,28.232141
4895,29.186,28.226423
4896,29.184,28.221767
4897,29.174,28.21818
4898,29.165998,28.21371
4899,29.16,28.208555
4900,29.156,28.203362
4901,29.15,28.198704
4902,29.146,28.19416
4903,29.14,28.190016
4904,29.133999,28.185812
4905,29.124,28.181463
4906,29.122,28.176151
4907,29.114,28.171608
4908,29.108,28.166786
4909,29.581999,28.161926
4910,29.72,28.257174
4911,29.8,28.368765
4912,29.7,28.43479
4913,29.72,28.446749
4914,29.56,28.453741
4915,29.460001,28.450499
4916,29.439999,28.441387
4917,29.4,28.4326
4918,29.3,28.424517
4919,29.24,28.390726
4920,29.18,28.346397
4921,29.118,28.302454
4922,29.038,28.253765
4923,28.995998,28.200668
4924,28.985998,28.152103
4925,28.977999,28.115406
4926,28.98,28.089584
4927,28.984001,28.073555
4928,28.984001,28.064938
4929,28.982,28.060339
4930,28.985998,28.057476
4931,29.016,28.056622
4932,29.119999,28.062748
4933,29.3,28.090595
4934,29.6,28.153652
4935,29.74,28.270624
4936,29.266,28.385519
4937,29.133999,28.383308
4938,29.165998,28.330954
4939,29.196,28.28543
4940,29.227999,28.256851
4941,29.258001,28.247606
4942,29.3,28.251562
4943,29.338,28.266289
4944,29.386,28.287521
4945,29.41,28.312271
4946,29.444,28.33532
4947,29.466,28.35826
4948,29.504,28.379051
4949,29.542,28.400772
4950,29.585999,28.42329
4951,29.624,28.429329
4952,29.66,28.435516
4953,29.706,28.441647
4954,29.727999,28.448132
4955,29.78,28.45389
4956,29.819998,28.46023
4957,29.856,28.46674
4958,29.894,28.4731
4959,29.928001,28.479374
4960,29.967999,28.485416
4961,30.034,28.491531
4962,30.4,28.49893
4963,30.779999,28.52098
4964,30.112,28.557167
4965,30.157999,28.556538
4966,30.171999,28.549992
4967,30.203999,28.544586
4968,30.254,28.542366
4969,30.296,28.543703
4970,30.310001,28.54734
4971,30.334,28.551104
4972,30.368,28.554926
4973,30.394001,28.559227
4974,30.428,28.563604
4975,30.473999,28.568308
4976,30.512001,28.573824
4977,30.548,28.579683
4978,30.584,28.585646
4979,30.626,28.59157
4980,30.66,28.59606
4981,30.676,28.599146
4982,30.696,28.601702
4983,30.723999,28.60389
4984,30.755999,28.606035
4985,30.776001,28.608315
4986,30.803999,28.610441
4987,30.848,28.612587
4988,30.873999,28.615168
4989,30.902,28.617714
4990,30.911999,28.620184
4991,30.944,28.622164
4992,30.981998,28.62423
4993,31.26,28.626621
4994,31.58,28.634995
4995,31.759998,28.64981
4996,31.112001,28.665756
4997,31.144,28.662418
4998,31.198,28.656454
4999,31.237999,28.652988
5000,31.264,28.652
5001,31.293999,28.65244
5002,31.334,28.653763
5003,31.372,28.655842
5004,31.404,28.658382
5005,31.435999,28.661047
5006,31.468,28.663729
5007,31.508,28.666176
5008,31.543999,28.668467
5009,31.58,28.670816
5010,31.602001,28.6732
5011,31.637999,28.675323
5012,31.668,28.677465
5013,31.708,28.67957
5014,31.734,28.68182
5015,31.754,28.683952
5016,31.772,28.68583
5017,31.79,28.687454
5018,31.816,28.688902
5019,31.838,28.69039
5020,31.858,28.691877
5021,31.877499,28.69332
5022,33.67,28.694708
5023,33.67,28.729553
5024,33.67,28.761505
5025,33.67,28.78366
5026,33.67,28.79737
5027,33.67,28.805351
5028,33.67,28.809824
5029,33.67,28.812265
5030,33.67,28.813576
5031,33.258,28.814268
5032,32.714,28.806904
5033,32.506,28.789692
5034,32.374,28.771383
5035,32.296,28.755594
5036,32.248,28.743366
5037,32.224,28.734507
5038,32.208,28.728447
5039,32.204,28.724419
5040,32.211998,28.7219
5041,32.218,28.720581
5042,32.211998,28.720005
5043,32.192,28.71964
5044,32.184,28.719046
5045,32.16,28.718428
5046,32.14,28.717533
5047,32.121998,28.716454
5048,32.266,28.715307
5049,32.600002,28.717203
5050,32.38,28.725523
5051,32.16,28.728666
5052,31.98,28.725636
5053,31.949999,28.718746
5054,31.925999,28.71244
5055,31.907999,28.707613
5056,31.883999,28.704142
5057,31.85,28.701498
5058,31.834,28.699144
5059,31.807999,28.697224
5060,31.772,28.69545
5061,31.742,28.693535
5062,31.708,28.691563
5063,31.67,28.689495
5064,31.636,28.687283
5065,31.619999,28.685028
5066,31.603998,28.68311
5067,31.576,28.681503
5068,31.54,28.679895
5069,31.519999,28.67806
5070,31.495998,28.676325
5071,31.468,28.674648
5072,31.442,28.672934
5073,31.422,28.671207
5074,31.396,28.669592
5075,31.376,28.667969
5076,31.355999,28.666428
5077,31.336,28.664856
5078,31.33,28.663116
5079,31.307999,28.66175
5080,31.291998,28.660336
5081,31.282,28.658936
5082,31.279999,28.65771
5083,31.255999,28.656824
5084,31.248,28.655699
5085,31.234,28.654654
5086,31.216,28.653597
5087,31.218,28.652416
5088,31.207998,28.651598
5089,31.198,28.65085
5090,31.188,28.6501
5091,31.178,28.649328
5092,31.154,28.648535
5093,31.15,28.647398
5094,32.5,28.64642
5095,32.5,28.675198
5096,32.5,28.698643
5097,32.5,28.714993
5098,31.812,28.72514
5099,31.516,28.718021
5100,31.344,28.70363
5101,31.252,28.68854
5102,31.183998,28.675873
5103,31.128,28.666056
5104,31.562,28.656889
5105,31.64,28.66124
5106,31.38,28.66832
5107,31.099998,28.668444
5108,31.014,28.660995
5109,30.972,28.65136
5110,30.972,28.6432
5111,30.968,28.637707
5112,30.952,28.634275
5113,30.944,28.63189
5114,30.928,28.630224
5115,30.924,28.62881
5116,30.914,28.627762
5117,30.906,28.626856
5118,30.9,28.626043
5119,30.89,28.625343
5120,30.609999,28.616083
5121,30.599998,28.615221
5122,30.596,28.61435
5123,30.572,28.613628
5124,30.551998,28.612576
5125,30.539999,28.611273
5126,30.528,28.610008
5127,30.518,28.608831
5128,30.518,28.607767
5129,30.505999,28.607038
5130,30.491999,28.6063
5131,30.476,28.60544
5132,30.467999,28.604418
5133,30.463333,28.603464
5134,30.452,28.60269
5135,30.452,28.601902
5136,30.44,28.601341
5137,30.432,28.6007
5138,30.43,28.600039
5139,30.421999,28.599512
5140,30.426,28.598976
5141,30.418001,28.59869
5142,30.416,28.598345
5143,30.395998,28.59804
5144,30.387999,28.597353
5145,30.382,28.596592
5146,30.386,28.595888
5147,30.378,28.595497
5148,30.373999,28.595093
5149,30.362,28.594707
5150,30.352,28.594149
5151,30.348,28.593475
5152,30.344,28.592875
5153,30.332,28.592367
5154,30.322,28.591738
5155,30.32,28.591026
5156,30.317999,28.590452
5157,30.311998,28.590025
5158,30.302,28.58961
5159,30.292,28.589077
5160,30.287998,28.58843
5161,30.282,28.587852
5162,30.274,28.587313
5163,30.276,28.586742
5164,30.26,28.586378
5165,30.25,28.585781
5166,30.246,28.585064
5167,30.239998,28.584435
5168,30.244,28.58386
5169,30.244,28.583559
5170,30.238,28.583403
5171,30.224,28.58318
5172,30.214,28.582668
5173,30.212,28.582005
5174,30.198,28.581453
5175,30.188,28.580748
5176,30.176,28.579973
5177,30.176,28.579119
5178,30.178,28.578493
5179,30.193998,28.578146
5180,30.19,28.57834
5181,30.178,28.578499
5182,30.169998,28.578314
5183,30.185999,28.577919
5184,30.147999,28.577978
5185,30.386,28.577206
5186,30.419998,28.582182
5187,30.46,28.587763
5188,30.699999,28.592817
5189,30.64,28.602049
5190,30.119999,28.608072
5191,30.142,28.599224
5192,30.128,28.590294
5193,30.169998,28.58359
5194,30.206,28.580296
5195,30.224,28.579536
5196,30.244,28.579966
5197,30.279999,28.581
5198,30.335999,28.582731
5199,30.346,28.585445
5200,30.406,28.587828
5201,30.082,28.590889
5202,28.656,28.585445
5203,27.532,28.521448
5204,26.584,28.215023
5205,25.57,27.548899
5206,25.002,26.818672
5207,24.566,26.00229
5208,24.362,25.156199
5209,24.178001,24.477276
5210,24.44,23.963339
5211,23.952,23.71285
5212,23.734001,23.426157
5213,23.63,23.134588
5214,23.366,22.884872
5215,23.236,22.622728
5216,23.166,22.384485
5217,23.188,22.192057
5218,22.842,22.06925
5219,22.762,21.878775
5220,22.754,21.696665
5221,22.755999,21.562561
5222,22.634,21.476057
5223,22.838001,21.382456
5224,23.353998,21.381073
5225,23.234999,21.57575
5226,23.356667,21.72335
5227,23.356667,21.861666
5228,23.356667,21.960945
5229,23.356667,22.024685
5230,22.731998,22.063198
5231,22.265999,21.874754
5232,22.526001,21.526943
5233,22.252,21.323341
5234,22.303999,21.114666
5235,21.786001,20.978218
5236,21.684,20.719454
5237,21.631998,20.467003
5238,21.642,20.265707
5239,21.584002,20.133564
5240,21.522001,20.032942
5241,21.623999,19.945473
5242,21.708,19.919056
5243,21.75,19.942276
5244,21.702,19.98522
5245,21.612,20.005018
5246,21.684,19.983463
5247,21.623999,19.982746
5248,22.448,19.966585
5249,23.278,20.230736
5250,24.162,20.769266
5251,24.698,21.524643
5252,25.349998,22.307684
5253,25.744001,23.105404
5254,26.256,23.823114
5255,26.585999,24.49882
5256,26.97,25.091057
5257,27.236,25.622347
5258,27.496,26.06161
5259,27.755999,26.43812
5260,28.01,26.700888
5261,28.262,26.929365
5262,28.272,27.146095
5263,27.696,27.304451
5264,26.948,27.285112
5265,25.901999,27.070635
5266,24.726,26.644165
5267,23.992,25.837915
5268,23.372,24.857977
5269,23.168,23.898401
5270,22.772,23.13506
5271,22.518,22.487675
5272,22.241999,21.954212
5273,22.56,21.49621
5274,22.002,21.285624
5275,21.746,20.999407
5276,21.708,20.68557
5277,21.594,20.436651
5278,21.522001,20.230783
5279,21.456,20.06575
5280,21.462,19.932154
5281,21.429998,19.843664
5282,21.364,19.778492
5283,21.356,19.713686
5284,21.27,19.663713
5285,21.218,19.601343
5286,21.16,19.535204
5287,21.306,19.466003
5288,21.34,19.4645
5289,21.196,19.49055
5290,20.872,19.467018
5291,20.81,19.328257
5292,20.766,19.178993
5293,20.63,19.052279
5294,20.64,18.918354
5295,20.54,18.822012
5296,20.524,18.726074
5297,20.425999,18.649971
5298,20.656,18.565372
5299,20.922,18.580332
5300,20.866001,18.705326
5301,20.710001,18.802305
5302,20.682,18.814026
5303,20.708,18.793516
5304,20.718,18.78003
5305,20.654,18.775135
5306,20.626001,18.751753
5307,20.516,18.720884
5308,20.501999,18.658703
5309,20.38,18.601202
5310,20.272,18.51833
5311,20.18,18.414787
5312,20.137999,18.302525
5313,20.252,18.203823
5314,20.400002,18.173855
5315,20.439999,18.21855
5316,20.460001,18.282166
5317,20.126,18.339949
5318,20.11,18.266346
5319,20.26,18.176744
5320,20.112001,18.158924
5321,20.334,18.111637
5322,20.336,18.146393
5323,20.460001,18.191456
5324,19.99,18.269382
5325,19.956001,18.172764
5326,19.908,18.050165
5327,19.956001,17.937874
5328,19.94,17.874447
5329,19.942,17.833757
5330,19.898,17.809874
5331,19.911999,17.781288
5332,19.954,17.764023
5333,19.956001,17.768349
5334,19.896,17.777262
5335,19.764,17.764114
5336,19.632,17.704123
5337,19.602,17.60401
5338,19.588,17.511372
5339,19.566,17.440367
5340,19.616,17.3858
5341,19.588,17.366777
5342,19.532,17.35142
5343,19.484,17.321766
5344,19.476,17.280289
5345,19.476,17.24443
5346,19.443998,17.219448
5347,19.432001,17.192667
5348,19.424,17.16854
5349,19.45,17.148775
5350,19.406,17.144276
5351,19.36,17.129356
5352,19.322,17.10022
5353,19.212,17.062553
5354,19.27,16.99516
5355,19.255999,16.958935
5356,19.68,16.934782
5357,19.46,17.065638
5358,19.406,17.121502
5359,19.18,17.126593
5360,19.076,17.040949
5361,18.974,16.921581
5362,18.95,16.791323
5363,18.803999,16.685154
5364,18.784,16.562733
5365,18.736,16.462471
5366,18.736,16.377642
5367,18.662,16.319107
5368,18.628,16.256783
5369,18.678001,16.198587
5370,18.632,16.173958
5371,18.652,16.147978
5372,18.622,16.135511
5373,18.588,16.119253
5374,18.52,16.094769
5375,18.472,16.051561
5376,17.52,15.025675
5377,17.482,14.984181
5378,17.362,14.931847
5379,17.33,14.849692
5380,17.316,14.771673
5381,17.324,14.71063
5382,17.25,14.672618
5383,17.18,14.6246
5384,17.138,14.563006
5385,17.435999,14.500348
5386,17.402,14.556908
5387,17.29,14.614028
5388,17.298,14.617396
5389,17.005001,14.610229
5390,16.972,14.501679
5391,16.98,14.38749
5392,16.958,14.305379
5393,16.89,14.245037
5394,16.852,14.182428
5395,16.852,14.12296
5396,16.812,14.0801735
5397,16.83,14.038911
5398,16.822,14.015258
5399,16.77,13.999102
5400,16.704,13.971145
5401,16.752,13.925254
5402,16.756,13.904049
5403,16.702,13.895698
5404,16.686,13.873892
5405,16.756,13.849305
5406,16.732,13.854804
5407,16.744,13.857496
5408,16.784,13.8629675
5409,16.752,13.881391
5410,16.668,13.8868475
5411,16.68,13.858896
5412,16.636,13.8348875
5413,16.67,13.803073
5414,16.622,13.789714
5415,16.624,13.767603
5416,16.628,13.750096
5417,16.62,13.7397375
5418,16.694,13.731035
5419,16.68,13.750522
5420,16.708,13.766467
5421,16.632,13.786971
5422,16.536,13.776824
5423,16.924,13.729279
5424,17.762001,13.819615
5425,18.514,14.206152
5426,19.238,14.8161955
5427,19.925999,15.563244
5428,20.334,16.378078
5429,20.744,17.130255
5430,21.171999,17.80709
5431,21.356,18.431849
5432,21.609999,18.939543
5433,21.846,19.369133
5434,22.274,19.746351
5435,22.262001,20.155529
5436,22.446,20.458546
5437,22.622,20.718092
5438,22.808,20.957396
5439,22.973999,21.190674
5440,23.518,21.416012
5441,23.890001,21.762426
5442,24.484,22.169119
5443,25.051998,22.678831
5444,25.253998,23.26509
5445,25.314,23.77951
5446,25.325998,24.158463
5447,25.608,24.408737
5448,25.762,24.655527
5449,25.914,24.886404
5450,25.963999,25.101885
5451,26.258001,25.272667
5452,26.182,25.474594
5453,26.316,25.604378
5454,26.353998,25.724745
5455,26.401999,25.821445
5456,25.534,25.901108
5457,24.607998,25.693657
5458,23.3,25.17504
5459,22.21,24.269157
5460,21.536001,23.150606
5461,21.251999,22.053099
5462,20.737999,21.15684
5463,20.428,20.37232
5464,20.282,19.717896
5465,20.134,19.218657
5466,19.772,18.837374
5467,19.628,18.460527
5468,19.424,18.136454
5469,19.238,17.841228
5470,19.17,17.568134
5471,19.325998,17.350096
5472,19.056,17.257061
5473,18.894001,17.125143
5474,18.888,16.963995
5475,18.916,16.837196
5476,18.858002,16.762033
5477,18.764,16.698965
5478,18.67,16.623255
5479,18.630001,16.532612
5480,18.662,16.44917
5481,18.751999,16.400719
5482,18.765999,16.404299
5483,18.888,16.42375
5484,18.881998,16.483585
5485,18.858002,16.53456
5486,18.678001,16.561739
5487,18.501999,16.514296
5488,18.320002,16.401821
5489,18.251999,16.241861
5490,18.157999,16.09043
5491,18.504,15.949165
5492,19.22,15.967139
5493,19.26,16.263128
5494,19.174,16.557545
5495,19.164,16.743204
5496,19.322,16.850723
5497,19.088,16.965723
5498,18.664,16.971285
5499,18.582,16.804422
5500,18.496,16.61441
5501,18.438,16.440388
5502,18.388,16.29671
5503,18.429998,16.181263
5504,19.157999,16.117693
5505,20.196001,16.333258
5506,20.727999,16.911486
5507,21.362,17.600739
5508,21.64,18.347958
5509,22.07,19.002235
5510,22.37,19.603912
5511,22.694,20.134832
5512,23.202,20.617046
5513,23.268,21.130419
5514,23.544,21.53586
5515,23.812,21.900928
5516,24.164,22.249191
5517,24.224,22.617579
5518,24.444,22.911922
5519,24.31,23.18374
5520,23.896,23.332933
5521,22.995998,23.27547
5522,22.128,22.884161
5523,21.390001,22.227203
5524,20.888,21.43365
5525,20.449999,20.650545
5526,20.221998,19.930155
5527,19.910002,19.339296
5528,19.738,18.828777
5529,19.622002,18.413202
5530,19.608,18.091263
5531,19.526001,17.872276
5532,19.452,17.707378
5533,19.372002,17.573755
5534,19.241999,17.455782
5535,19.298,17.328634
5536,19.226,17.252842
5537,18.912,17.184578
5538,18.852,17.028484
5539,18.904001,16.873432
5540,19.032,16.778015
5541,18.866001,16.765945
5542,18.49,16.719238
5543,18.366001,16.54778
5544,18.084,16.350845
5545,18.246,16.10375
5546,18.332,15.967032
5547,17.956,15.921918
5548,17.896,15.780584
5549,17.762001,15.634249
5550,17.746,15.47985
5551,17.664,15.359539
5552,17.672,15.251008
5553,17.664,15.1769705
5554,17.584,15.127897
5555,17.466002,15.070241
5556,17.54,14.985536
5557,17.784,14.942764
5558,17.88,15.005213
5559,17.938002,15.108089
5560,18.297998,15.212683
5561,18.119999,15.413763
5562,18.222,15.521897
5563,17.858,15.614849
5564,17.62,15.554112
5565,17.498,15.392347
5566,17.532,15.20861
5567,17.552,15.080719
5568,17.63,15.006829
5569,17.69,14.992041
5570,17.764,15.01542
5571,17.814,15.066721
5572,17.874,15.127934
5573,17.92,15.195695
5574,17.966,15.262522
5575,18.42,15.327218
5576,18.318,15.530288
5577,18.544,15.675889
5578,18.679998,15.847077
5579,18.506,16.025114
5580,17.934,16.09717
5581,18.114,15.928712
5582,18.032001,15.811937
5583,17.888,15.710076
5584,17.744,15.589313
5585,17.734001,15.446937
5586,17.618,15.334248
5587,17.652,15.2186
5588,17.644001,15.144936
5589,17.616,15.097718
5590,17.506,15.0597105
5591,17.488,14.996
5592,17.342,14.937224
5593,17.21,14.845125
5594,17.216,14.724747
5595,17.18,14.631988
5596,17.428,14.558081
5597,17.212,14.5937805
5598,16.902,14.570756
5599,16.812,14.43355
5600,16.816,14.275853
5601,16.712,14.157014
5602,16.722,14.043097
5603,16.586,13.964271
5604,16.602,13.867789
5605,16.622,13.798591
5606,16.57,13.7611475
5607,16.486,13.723144
5608,16.404,13.666207
5609,16.414001,13.59192
5610,16.722,13.536874
5611,17.61,13.607286
5612,18.534,13.993751
5613,19.058,14.667507
5614,19.544,15.407126
5615,20.088001,16.130894
5616,20.344,16.843927
5617,20.67,17.451408
5618,21.03,17.983625
5619,21.345999,18.479258
5620,21.416,18.941242
5621,21.614,19.294134
5622,21.792,19.595194
5623,21.994,19.864088
5624,22.32,20.121933
5625,22.228,20.41827
5626,22.352,20.612846
5627,22.449999,20.773829
5628,22.538,20.917036
5629,22.623999,21.04745
5630,22.71,21.16907
5631,22.788,21.285091
5632,24.164,23.249184
5633,24.182,23.169868
5634,24.203999,23.125761
5635,24.218,23.108875
5636,24.244,23.107435
5637,24.26,23.118591
5638,24.296001,23.134989
5639,24.304,23.160131
5640,24.304,23.183168
5641,24.324,23.199526
5642,24.335999,23.216562
5643,24.354,23.233328
5644,24.362,23.251661
5645,24.369999,23.268026
5646,24.39,23.28222
5647,24.412,23.298765
5648,24.432,23.318735
5649,24.438,23.340803
5650,24.452002,23.35944
5651,24.46,23.376953
5652,24.464,23.392168
5653,24.48,23.404123
5654,24.491999,23.417446
5655,24.512001,23.431501
5656,24.524,23.448614
5657,24.529999,23.465836
5658,24.534,23.48047
5659,24.552,23.491922
5660,24.560001,23.50554
5661,24.574,23.518646
5662,24.592001,23.532766
5663,24.598,23.549307
5664,24.612,23.563967
5665,24.618,23.57891
5666,24.62,23.59191
5667,24.631998,23.60164
5668,24.642,23.611992
5669,24.657999,23.62302
5670,24.66,23.636553
5671,24.671999,23.647707
5672,24.674,23.659302
5673,24.676,23.668556
5674,24.682,23.675459
5675,24.685999,23.681952
5676,24.708,23.687939
5677,24.708,23.699488
5678,24.72,23.709229
5679,24.72,23.719917
5680,24.732,23.727972
5681,24.744,23.737228
5682,24.740002,23.748257
5683,24.75,23.755417
5684,24.76,23.763086
5685,24.768,23.772123
5686,24.806,23.78171
5687,24.824001,23.801424
5688,24.842,23.824162
5689,24.852,23.847467
5690,24.859999,23.867973
5691,24.871998,23.885002
5692,24.882,23.900642
5693,24.895998,23.915089
5694,24.93,23.930025
5695,24.943998,23.952312
5696,24.962,23.974934
5697,24.99,23.99743
5698,25.08,24.023102
5699,25.300001,24.072182
5700,25.56,24.18568
5701,25.382,24.36888
5702,25.123999,24.46095
5703,25.169998,24.422867
5704,25.214,24.379984
5705,25.258,24.361868
5706,25.301998,24.368713
5707,25.338001,24.393906
5708,25.372,24.42839
5709,25.4,24.466942
5710,25.446,24.50531
5711,25.514,24.54844
5712,24.717999,24.60339
5713,23.821999,24.385363
5714,22.414,23.866383
5715,21.464,22.943651
5716,20.638,21.85522
5717,20.072,20.741304
5718,19.644001,19.728111
5719,19.46,18.864288
5720,19.222,18.200119
5721,19.344,17.679184
5722,19.352,17.37239
5723,19.228,17.199736
5724,19.193998,17.061884
5725,19.467999,16.957346
5726,19.17,16.98224
5727,19.074,16.928864
5728,18.674,16.839441
5729,18.526,16.629314
5730,18.380001,16.397316
5731,18.274,16.172623
5732,18.146,15.973635
5733,18.402,15.790108
5734,18.274,15.746791
5735,17.942,15.703509
5736,17.853998,15.558416
5737,17.774,15.39874
5738,17.752,15.251117
5739,17.76,15.138157
5740,17.778,15.066326
5741,17.726,15.029325
5742,17.77,14.992618
5743,17.81,14.98084
5744,17.900002,14.991659
5745,17.876001,15.035559
5746,18.012,15.067138
5747,18.026,15.133787
5748,17.774,15.19553
5749,17.592,15.153606
5750,17.458,15.03683
5751,17.384,14.8883095
5752,17.384,14.746949
5753,17.33,14.645077
5754,17.310001,14.561094
5755,17.302,14.496902
5756,17.23,14.451691
5757,17.266,14.398322
5758,17.444,14.369657
5759,17.892,14.415243
5760,19.028,14.618793
5761,20.11,15.192181
5762,21.186,16.066065
5763,21.588,17.140991
5764,22.176,18.11066
5765,22.244,18.992346
5766,22.488,19.639809
5767,22.718,20.142572
5768,22.978,20.55465
5769,23.282,20.922699
5770,23.355999,21.283922
5771,23.552,21.571634
5772,23.748,21.830881
5773,23.878,22.079529
5774,24.196,22.302208
5775,23.928,22.56512
5776,23.331999,22.677383
5777,22.476,22.525982
5778,21.514,22.067589
5779,21.218,21.337934
5780,20.668,20.641008
5781,20.406,19.952478
5782,20.25,19.36147
5783,20.439999,18.898209
5784,20.400002,18.652304
5785,19.916,18.508041
5786,19.816,18.26133
5787,19.704,18.023014
5788,19.515999,17.812185
5789,19.466002,17.600214
5790,19.373999,17.427883
5791,19.324001,17.279684
5792,19.278,17.159908
5793,19.254,17.063007
5794,19.539999,16.989298
5795,19.380001,17.038181
5796,19.5,17.047653
5797,19.484,17.08633
5798,19.122,17.115973
5799,19.264,17.012356
5800,19.384,16.954206
5801,19.146,16.963034
5802,19.196,16.903793
5803,19.44,16.861794
5804,19.133999,16.918242
5805,18.938,16.877876
5806,19.042,16.759186
5807,19.47,16.689745
5808,18.798,16.796074
5809,18.472,16.685257
5810,18.2,16.442783
5811,18.133999,16.14207
5812,17.936,15.886066
5813,17.936,15.641108
5814,18.05,15.46425
5815,18.032001,15.389489
5816,17.952,15.352019
5817,18.0,15.305735
5818,17.890001,15.286393
5819,17.782,15.240868
5820,17.642,15.164522
5821,17.496,15.053526
5822,17.826,14.914718
5823,18.58,14.919508
5824,19.47,15.213705
5825,20.142,15.799361
5826,20.514,16.524258
5827,20.83,17.213608
5828,20.665998,17.81758
5829,20.414,18.184479
5830,19.494,18.312956
5831,18.97,18.038946
5832,18.3,17.56701
5833,17.892,16.947153
5834,17.604,16.31981
5835,17.394001,15.760275
5836,17.192,15.294176
5837,17.008,14.905048
5838,16.792,14.574668
5839,16.696,14.272279
5840,16.628,14.024452
5841,16.544,13.83222
5842,16.512,13.675655
5843,16.574,13.558354
5844,16.584,13.503049
5845,16.566,13.480288
5846,16.526001,13.465135
5847,16.542,13.442156
5848,16.548,13.429054
5849,16.56,13.423822
5850,16.586,13.425953
5851,16.515999,13.43814
5852,16.446,13.425485
5853,16.404,13.386558
5854,16.32,13.337659
5855,16.238,13.270842
5856,16.18,13.189741
5857,16.144001,13.107207
5858,16.322,13.034133
5859,16.436,13.043723
5860,16.388,13.1087675
5861,17.276,13.152707
5862,17.968,13.483787
5863,18.624,14.028811
5864,19.32,14.701163
5865,19.622002,15.460317
5866,20.102,16.139107
5867,20.312,16.781174
5868,20.567999,17.314363
5869,20.79,17.766834
5870,21.132,18.155054
5871,21.179998,18.54072
5872,21.358,18.837011
5873,21.514,19.093853
5874,21.655998,19.325493
5875,21.786001,19.536777
5876,21.906,19.730455
5877,22.21,19.908474
5878,22.246,20.137266
5879,22.234,20.32862
5880,22.328,20.455988
5881,22.421999,20.566113
5882,22.51,20.67429
5883,22.58,20.782562
5884,22.634,20.885273
5885,22.702,20.977373
5886,22.752,21.065132
5887,22.802,21.145144
5888,23.864,23.09425
5889,23.876,23.118649
5890,23.898,23.14052
5891,23.904,23.163296
5892,23.924,23.182169
5893,23.956,23.201757
5894,23.962,23.226929
5895,23.972,23.248636
5896,23.974,23.26706
5897,23.992,23.280457
5898,24.1,23.295105
5899,24.179998,23.342121
5900,24.359999,23.41065
5901,24.5,23.525719
5902,24.165998,23.667242
5903,24.138,23.665728
5904,24.132,23.622381
5905,24.138,23.579033
5906,24.136,23.549288
5907,24.152,23.529955
5908,24.162,23.523535
5909,24.174,23.525131
5910,24.178001,23.532145
5911,24.192,23.539848
5912,24.2,23.550276
5913,24.212,23.561184
5914,24.218,23.573225
5915,24.234,23.584276
5916,24.234,23.597624
5917,24.24,23.607878
5918,24.26,23.616669
5919,24.27,23.629425
5920,24.284,23.643011
5921,24.289999,23.6578
5922,24.286,23.670904
5923,24.3,23.678774
5924,24.311998,23.687992
5925,24.311998,23.699043
5926,24.335999,23.707556
5927,24.344,23.72119
5928,24.348,23.73501
5929,24.352,23.7465
5930,24.369999,23.755707
5931,24.372,23.767914
5932,24.381998,23.7782
5933,24.380001,23.788612
5934,24.388,23.795599
5935,24.402,23.802588
5936,24.416,23.812366
5937,24.434,23.824818
5938,24.446,23.840538
5939,24.466,23.856794
5940,24.467999,23.875462
5941,24.488,23.890348
5942,24.506,23.907032
5943,24.522001,23.925648
5944,24.546,23.945034
5945,24.548,23.967386
5946,24.560001,23.985096
5947,24.582,24.000982
5948,24.594,24.01951
5949,24.62,24.037664
5950,24.646,24.059513
5951,24.671999,24.084991
5952,24.679998,24.113117
5953,24.693998,24.136957
5954,24.717999,24.158077
5955,24.736,24.18088
5956,24.751999,24.20393
5957,24.748001,24.226171
5958,24.784,24.240932
5959,24.82,24.261972
5960,24.842,24.290764
5961,24.873999,24.320915
5962,24.91,24.353918
5963,25.123999,24.39067
5964,25.253998,24.489374
5965,25.236,24.618927
5966,25.226,24.714907
5967,25.289999,24.77404
5968,24.594,24.829823
5969,23.898,24.639875
5970,22.748,24.212282
5971,21.932,23.459885
5972,21.126,22.560139
5973,20.542,21.595774
5974,20.242,20.67744
5975,19.779999,19.914104
5976,19.656,19.231236
5977,20.161999,18.707499
5978,20.314001,18.533707
5979,20.460001,18.53877
5980,20.526,18.633335
5981,20.594,18.745577
5982,20.392,18.85525
5983,19.529999,18.866262
5984,19.022001,18.557907
5985,18.72,18.085335
5986,18.657999,17.598589
5987,18.58,17.21796
5988,18.391998,16.93708
5989,18.162,16.69019
5990,18.182,16.438492
5991,17.752,16.259834
5992,17.704,15.998504
5993,17.594,15.771794
5994,17.418001,15.576123
5995,17.426,15.37968
5996,17.27,15.238591
5997,17.152,15.094852
5998,17.128,14.948623
5999,17.134,14.832851
6000,17.304,14.757164
6001,17.236,14.769349
6002,17.369999,14.7751665
6003,17.422,14.824009
6004,17.456,14.887423
6005,17.586,14.949015
6006,17.666,15.038206
6007,17.59,15.137284
6008,17.584,15.18604
6009,17.532,15.208069
6010,17.53,15.200279
6011,17.596,15.187064
6012,17.646,15.198775
6013,17.714,15.230213
6014,17.638,15.280994
6015,17.932,15.29659
6016,18.592001,15.400674
6017,19.488,15.723323
6018,20.067999,16.316189
6019,20.632,17.01008
6020,21.176,17.73334
6021,21.576,18.454548
6022,22.09,19.117737
6023,22.368,19.762447
6024,22.644001,20.322165
6025,22.884,20.80556
6026,23.228,21.222357
6027,23.31,21.627396
6028,23.516,21.948648
6029,23.713999,22.233318
6030,23.821999,22.499245
6031,23.418,22.72541
6032,23.158,22.74676
6033,22.550001,22.628159
6034,21.751999,22.305222
6035,21.276,21.753462
6036,20.627998,21.136244
6037,20.223999,20.450432
6038,20.182001,19.795774
6039,20.196001,19.30689
6040,19.817999,18.992266
6041,19.814001,18.673225
6042,19.722,18.437286
6043,19.656,18.252266
6044,19.491999,18.106012
6045,19.279999,17.952051
6046,19.298,17.765194
6047,19.217999,17.627243
6048,19.5,17.510391
6049,19.428,17.52617
6050,19.142,17.543749
6051,19.132,17.459307
6052,19.23,17.370607
6053,19.342,17.33822
6054,19.354,17.365902
6055,19.376,17.403988
6056,19.298,17.441803
6057,18.92,17.442766
6058,18.678001,17.305792
6059,18.494,17.091106
6060,18.342001,16.853102
6061,18.204,16.621542
6062,18.324,16.406157
6063,17.868,16.293446
6064,17.828001,16.07837
6065,17.824001,15.883715
6066,17.742,15.744553
6067,17.666,15.6273155
6068,17.72,15.520514
6069,17.804,15.463274
6070,17.736,15.461614
6071,17.534,15.449981
6072,17.212,15.36993
6073,17.158,15.185203
6074,16.906,15.007494
6075,16.79,14.792593
6076,16.7,14.586907
6077,16.626,14.407815
6078,16.624,14.257406
6079,16.594,14.153238
6080,16.636,14.07737
6081,16.671999,14.042792
6082,16.640001,14.039303
6083,16.6,14.032875
6084,16.612,14.013809
6085,16.586,14.00115
6086,16.57,13.984525
6087,16.562,13.96592
6088,16.556,13.949199
6089,16.574,13.935338
6090,16.47,13.932052
6091,16.434,13.896368
6092,16.372,13.85045
6093,16.33,13.793219
6094,16.362,13.734295
6095,16.268,13.7017765
6096,16.268,13.651776
6097,16.242,13.611189
6098,16.182,13.574711
6099,16.204,13.528363
6100,16.196,13.499751
6101,16.152,13.480134
6102,16.148,13.452734
6103,16.124,13.429518
6104,16.296,13.405293
6105,16.566,13.446417
6106,16.421999,13.584264
6107,16.7,13.657872
6108,16.68,13.79244
6109,16.460001,13.898081
6110,16.132,13.893164
6111,16.174,13.751528
6112,16.268,13.630965
6113,16.366,13.57985
6114,17.286001,13.592056
6115,18.244,13.931419
6116,18.932,14.583397
6117,19.57,15.367864
6118,20.214,16.19041
6119,20.592,17.020853
6120,21.154,17.75929
6121,21.262,18.469698
6122,21.501999,19.019855
6123,21.73,19.467268
6124,21.912,19.846588
6125,22.301998,20.17008
6126,22.22,20.525314
6127,22.34,20.765005
6128,22.473999,20.953888
6129,22.56,21.125267
6130,22.63,21.275463
6131,22.692,21.403902
6132,22.754,21.513575
6133,22.824,21.610312
6134,22.886002,21.70147
6135,22.935999,21.787762
6136,23.006,21.866497
6137,23.36,21.94581
6138,23.640001,22.12253
6139,23.127998,22.367792
6140,23.17,22.391903
6141,23.206,22.37269
6142,23.256,22.360693
6143,23.306,22.370287
6144,24.284,23.538576
6145,24.3,23.561485
6146,24.314,23.584576
6147,24.326,23.606108
6148,24.354,23.625427
6149,24.368,23.64854
6150,24.396,23.671017
6151,24.416,23.696545
6152,24.426,23.722551
6153,24.442,23.744967
6154,24.456,23.765812
6155,24.474,23.785337
6156,24.49,23.805262
6157,24.5125,23.825218
6158,24.526,23.847263
6159,24.529999,23.868326
6160,24.546,23.884827
6161,24.560001,23.901136
6162,24.572,23.917648
6163,24.592001,23.933737
6164,24.602,23.952013
6165,24.618,23.969185
6166,24.626,23.986782
6167,24.642,24.00239
6168,24.65,24.018637
6169,24.662,24.033304
6170,24.684,24.04764
6171,24.69,24.065311
6172,24.702,24.080982
6173,24.727999,24.095953
6174,24.744,24.115332
6175,24.746,24.135798
6176,24.762001,24.151674
6177,24.763998,24.167515
6178,24.77,24.179754
6179,24.77,24.189856
6180,24.779999,24.196754
6181,24.787998,24.20436
6182,24.803999,24.21273
6183,24.814,24.224306
6184,24.816,24.236814
6185,24.824001,24.24683
6186,24.832,24.256224
6187,24.828,24.265589
6188,24.846,24.271105
6189,24.848001,24.280207
6190,24.854,24.288342
6191,24.858,24.296047
6192,24.866,24.302908
6193,24.878,24.310375
6194,24.88,24.319933
6195,24.883999,24.32806
6196,24.883999,24.334995
6197,24.886,24.339794
6198,24.892,24.343472
6199,24.894001,24.347883
6200,24.897999,24.351938
6201,24.904,24.356142
6202,24.906,24.361229
6203,24.91,24.365812
6204,24.919998,24.370367
6205,24.926,24.376991
6206,24.932,24.384293
6207,24.946,24.391766
6208,24.952,24.401892
6209,24.96,24.411888
6210,24.976,24.421808
6211,24.99,24.43433
6212,24.996,24.448702
6213,25.18,24.461617
6214,25.5,24.531439
6215,25.581999,24.700993
6216,25.121998,24.874844
6217,25.145998,24.851442
6218,25.18,24.796986
6219,25.230001,24.761246
6220,25.269999,24.755882
6221,25.32,24.7721
6222,25.363998,24.805386
6223,25.416,24.848137
6224,25.454,24.898699
6225,25.495998,24.949976
6226,25.546,25.001236
6227,25.594,25.055008
6228,25.637999,25.11051
6229,25.692,25.165909
6230,25.736,25.22423
6231,25.776,25.281847
6232,25.826,25.336874
6233,25.88,25.392836
6234,25.928,25.451595
6235,25.976,25.510857
6236,26.24,25.569962
6237,26.482,25.694538
6238,26.132,25.870413
6239,26.175999,25.906366
6240,26.218,25.913746
6241,26.266,25.925251
6242,26.305998,25.94911
6243,26.35,25.981483
6244,26.390001,26.020416
6245,26.42,26.062494
6246,26.466,26.103065
6247,26.5,26.146173
6248,26.53,26.188053
6249,26.568,26.227457
6250,26.602,26.266941
6251,26.636,26.305914
6252,26.686,26.34459
6253,26.73,26.38761
6254,26.764,26.43315
6255,26.802,26.47715
6256,26.834,26.520275
6257,26.878,26.56113
6258,26.918,26.599407
6259,26.96,26.635382
6260,27.034,26.672218
6261,27.46,26.717602
6262,27.539999,26.83832
6263,27.144,26.961727
6264,27.198,26.9696
6265,27.236,26.960054
6266,27.287998,26.957031
6267,27.321999,26.967266
6268,27.368,26.984976
6269,27.419998,27.009354
6270,27.477999,27.03969
6271,27.529999,27.075483
6272,27.58,27.113897
6273,27.626,27.153149
6274,27.674,27.191751
6275,27.698,27.229868
6276,27.734,27.26275
6277,27.758,27.293299
6278,27.787998,27.32012
6279,27.817999,27.345207
6280,27.84,27.369469
6281,27.866,27.391668
6282,27.892,27.4129
6283,27.93,27.433678
6284,27.943335,27.45675
6285,29.388,27.476974
6286,29.388,27.792522
6287,29.388,28.091686
6288,29.388,28.307032
6289,29.388,28.388247
6290,28.907999,28.40483
6291,28.562,28.39272
6292,28.411999,28.336203
6293,28.315998,28.182747
6294,28.269999,28.045792
6295,28.252,27.93996
6296,28.248,27.865822
6297,28.255999,27.817976
6298,28.284,27.790655
6299,28.317999,27.780874
6300,28.331999,27.785019
6301,28.362001,27.794203
6302,28.39,27.808361
6303,28.411999,27.825737
6304,28.44,27.843925
6305,28.462,27.863317
6306,28.48,27.8824
6307,28.494001,27.900074
6308,28.524,27.915625
6309,28.548,27.932785
6310,28.562,27.950739
6311,28.588001,27.966993
6312,28.61,27.983929
6313,28.64,28.001076
6314,28.668,28.019943
6315,28.682,28.039995
6316,28.706,28.057877
6317,28.716,28.075476
6318,28.74,28.090385
6319,28.758,28.105686
6320,28.78,28.120731
6321,28.793999,28.136278
6322,28.81,28.150696
6323,28.817999,28.164328
6324,28.826,28.175798
6325,28.845999,28.185362
6326,28.85,28.196096
6327,28.855999,28.205051
6328,28.858,28.212452
6329,28.866,28.21793
6330,28.864,28.223162
6331,28.874,28.226519
6332,28.882,28.230623
6333,28.886,28.235466
6334,28.888,28.240017
6335,28.876001,28.243694
6336,28.86,28.24369
6337,30.175,28.23951
6338,30.175,28.400785
6339,30.175,28.45575
6340,29.819998,28.494703
6341,29.366001,28.503428
6342,29.352,28.482721
6343,29.052,28.46066
6344,28.892,28.430967
6345,28.82,28.400644
6346,28.762,28.375376
6347,28.73,28.309877
6348,28.697998,28.238756
6349,28.664,28.185724
6350,28.646,28.143963
6351,28.632,28.111887
6352,28.61,28.087845
6353,28.589998,28.0675
6354,28.56,28.04936
6355,28.541998,28.030401
6356,28.533998,28.012518
6357,28.518002,27.998064
6358,28.481998,27.98494
6359,28.46,27.968117
6360,28.433998,27.95035
6361,28.425999,27.93169
6362,28.409998,27.91614
6363,28.398,27.90213
6364,28.384,27.889717
6365,28.372,27.878067
6366,28.363998,27.867205
6367,28.342,27.857758
6368,28.322,27.846575
6369,28.312,27.833797
6370,28.306,27.821983
6371,28.282,27.812292
6372,28.264,27.800676
6373,28.255999,27.78796
6374,28.237999,27.776718
6375,28.223999,27.76506
6376,28.214,27.753496
6377,28.216,27.742952
6378,28.206001,27.735886
6379,28.185999,27.729418
6380,28.178,27.720638
6381,28.164,27.711998
6382,28.159998,27.702778
6383,28.146,27.69505
6384,28.132,27.686802
6385,28.126,27.677715
6386,28.12,27.66961
6387,28.113998,27.662642
6388,28.108,27.656548
6389,28.581999,27.651026
6390,28.242,27.746166
6391,28.42,27.768118
6392,28.88,27.804472
6393,28.82,27.93036
6394,28.720001,28.030767
6395,28.64,28.077625
6396,28.64,28.08293
6397,28.48,28.07722
6398,28.48,28.037134
6399,28.48,27.999813
6400,27.741999,27.13102
6401,27.736,27.123957
6402,27.731998,27.116697
6403,27.726,27.110485
6404,27.731998,27.104906
6405,27.717999,27.102226
6406,27.706,27.09798
6407,27.698,27.091974
6408,27.7,27.085474
6409,27.696,27.081013
6410,27.688,27.07737
6411,27.69,27.0732
6412,27.682,27.070442
6413,27.676666,27.067059
6414,27.671999,27.063309
6415,27.666,27.059492
6416,27.657999,27.05541
6417,27.652,27.050665
6418,27.644001,27.045765
6419,27.637999,27.040447
6420,27.632,27.035189
6421,27.632,27.030075
6422,27.612,27.02636
6423,27.614,27.019733
6424,27.612,27.014626
6425,27.598,27.010805
6426,27.594,27.00535
6427,27.596,27.000124
6428,27.596,26.996767
6429,27.588,26.99474
6430,27.572,26.991869
6431,27.567999,26.986193
6432,27.558,26.980534
6433,27.548,26.97428
6434,27.537998,26.967438
6435,27.546,26.960173
6436,27.542,26.95644
6437,27.532,26.953676
6438,27.528,26.949759
6439,27.515999,26.945774
6440,27.52,26.940304
6441,27.512001,26.936787
6442,27.501999,26.932974
6443,27.481998,26.92799
6444,27.477999,26.919062
6445,27.477999,26.910255
6446,27.48,26.902748
6447,27.462,26.8985
6448,27.464,26.89081
6449,27.462,26.884968
6450,27.453999,26.880522
6451,27.45,26.875214
6452,27.456,26.869938
6453,27.452,26.86786
6454,27.44,26.86589
6455,27.442001,26.86091
6456,27.442001,26.85716
6457,27.429998,26.854698
6458,27.429998,26.849632
6459,27.428,26.845318
6460,27.421999,26.84173
6461,27.421999,26.837496
6462,27.424,26.83424
6463,27.421999,26.832672
6464,27.426,26.831326
6465,27.438,26.831577
6466,27.458,26.835686
6467,27.481998,26.845531
6468,27.491999,26.8612
6469,27.515999,26.876991
6470,27.551998,26.89572
6471,27.578,26.918993
6472,27.62,26.939377
6473,27.661999,26.963078
6474,27.696,26.99027
6475,27.739998,27.018198
6476,27.796,27.048136
6477,27.852,27.082375
6478,27.906,27.120289
6479,27.962,27.160332
6480,28.156,27.201986
6481,28.526,27.273754
6482,28.159998,27.411125
6483,28.216,27.45015
6484,28.262,27.467758
6485,28.32,27.48539
6486,28.384,27.510506
6487,28.433998,27.544098
6488,28.484,27.581196
6489,28.528,27.6197
6490,28.598,27.657492
6491,28.648,27.69972
6492,28.702,27.742193
6493,28.754,27.784708
6494,28.815998,27.826752
6495,28.866,27.870392
6496,28.896,27.913366
6497,28.960001,27.950953
6498,29.175999,27.990656
6499,29.6,28.065388
6500,30.416,28.216713
6501,30.416,28.387426
6502,30.416,28.440235
6503,30.106,28.475996
6504,29.751999,28.484173
6505,29.619999,28.468096
6506,29.571999,28.445189
6507,29.542,28.424969
6508,29.528,28.409601
6509,29.542,28.39894
6510,29.544,28.392904
6511,29.569998,28.389652
6512,29.585999,28.38908
6513,29.619999,28.389961
6514,29.664,28.392426
6515,29.678,28.396545
6516,29.689999,28.40052
6517,29.724,28.403912
6518,29.751999,28.407776
6519,29.758,28.411924
6520,29.76,28.415258
6521,29.788,28.417576
6522,29.81,28.420284
6523,29.818,28.423319
6524,29.84,28.42594
6525,29.876,28.428728
6526,29.876,28.4324
6527,29.886,28.435247
6528,29.916,28.437569
6529,29.953999,28.440477
6530,29.984,28.444416
6531,29.986,28.448833
6532,30.196,28.452223
6533,30.4,28.463865
6534,30.537998,28.483244
6535,30.66,28.505123
6536,30.166,28.526937
6537,30.294,28.520567
6538,30.32,28.515472
6539,30.397999,28.513243
6540,30.488,28.51576
6541,30.515999,28.522652
6542,30.564,28.52985
6543,30.642,28.537264
6544,30.647999,28.546152
6545,30.588,28.553171
6546,30.628,28.555136
6547,30.69,28.557222
6548,30.699999,28.561527
6549,30.765999,28.56557
6550,30.800001,28.571407
6551,30.825998,28.577522
6552,30.886,28.582937
6553,30.908,28.58636
6554,30.97,28.589436
6555,31.218,28.59302
6556,31.519999,28.601566
6557,31.386,28.615854
6558,31.462,28.624058
6559,31.58,28.630404
6560,31.48,28.63732
6561,31.204,28.639992
6562,31.248,28.634453
6563,31.58,28.629816
6564,31.456,28.63458
6565,30.987999,28.637024
6566,30.862,28.627165
6567,30.935999,28.614552
6568,30.9,28.606758
6569,30.918,28.601376
6570,30.97,28.59848
6571,31.098,28.598186
6572,31.517998,28.601564
6573,31.164,28.614704
6574,31.198,28.617725
6575,31.206001,28.618538
6576,31.206001,28.61884
6577,31.199999,28.618942
6578,31.226,28.618834
6579,31.14,28.619337
6580,31.159998,28.617783
6581,31.206001,28.616714
6582,31.252,28.61715
6583,31.619999,28.61887
6584,31.346,28.629084
6585,31.56,28.631653
6586,31.74,28.636923
6587,31.458,28.645515
6588,31.065998,28.64565
6589,30.94,28.63466
6590,30.954,28.6215
6591,30.956001,28.61201
6592,30.99,28.606085
6593,31.075998,28.603434
6594,31.137999,28.60428
6595,31.3,28.607094
6596,31.78,28.613356
6597,31.5,28.629898
6598,31.128,28.63722
6599,30.956001,28.631649
6600,30.906,28.620872
6601,30.848,28.610928
6602,30.786,28.602655
6603,30.717999,28.595648
6604,30.628,28.589312
6605,30.58,28.582806
6606,30.505999,28.572897
6607,30.432,28.561634
6608,30.380001,28.550215
6609,30.368,28.539597
6610,30.37,28.531548
6611,30.362,28.52641
6612,30.352,28.522993
6613,30.342,28.520456
6614,30.324,28.518368
6615,30.3,28.516155
6616,30.282,28.513454
6617,30.258,28.510592
6618,30.241999,28.507414
6619,30.203999,28.50433
6620,30.179998,28.500425
6621,30.169998,28.496347
6622,30.154001,28.492914
6623,30.138,28.489859
6624,30.123999,28.487019
6625,30.424,28.484385
6626,30.76,28.495974
6627,30.58,28.52252
6628,30.380001,28.536947
6629,30.2,28.53574
6630,30.039999,28.523355
6631,29.988,28.504765
6632,29.966,28.48763
6633,29.953999,28.474586
6634,29.946,28.465527
6635,29.921999,28.459501
6636,29.905998,28.45474
6637,29.896,28.450861
6638,29.888,28.447803
6639,29.873999,28.445402
6640,29.864,28.443176
6641,29.844,28.44117
6642,29.826,28.438875
6643,29.808,28.43635
6644,29.794,28.43367
6645,29.789999,28.431067
6646,29.782,28.429026
6647,29.765999,28.427315
6648,29.748001,28.425434
6649,29.744,28.423227
6650,29.736,28.421381
6651,29.717999,28.419767
6652,29.706,28.417847
6653,29.696,28.415848
6654,29.686,28.413939
6655,29.674,28.412128
6656,29.367998,28.368317
6657,29.366001,28.361362
6658,29.355999,28.35614
6659,29.342001,28.350876
6660,29.34,28.344442
6661,29.331999,28.33908
6662,29.331999,28.333927
6663,29.326,28.330189
6664,29.314,28.32668
6665,29.305998,28.321962
6666,29.296,28.316751
6667,29.296,28.310984
6668,29.288,28.30662
6669,29.283333,28.302273
6670,29.28,28.298237
6671,29.268,28.29461
6672,29.262,28.289322
6673,29.256,28.283894
6674,29.25,28.27862
6675,29.246,28.273535
6676,29.235998,28.269012
6677,29.235998,28.263733
6678,29.23,28.259687
6679,29.23,28.255754
6680,29.22,28.252893
6681,29.210001,28.248957
6682,29.203999,28.24373
6683,29.203999,28.238342
6684,29.194,28.234352
6685,29.178,28.22966
6686,29.18,28.22272
6687,29.168,28.217512
6688,29.17,28.211597
6689,29.162,28.207502
6690,29.165998,28.203255
6691,29.164,28.200932
6692,29.15,28.199257
6693,29.14,28.195257
6694,29.13,28.189693
6695,29.124,28.183163
6696,29.119999,28.176891
6697,29.273998,28.17151
6698,29.112,28.199905
6699,29.105999,28.194794
6700,29.262,28.182003
6701,29.74,28.20339
6702,29.56,28.322697
6703,29.72,28.390013
6704,29.859999,28.432432
6705,29.78,28.450665
6706,29.76,28.46066
6707,29.72,28.465166
6708,29.52,28.46541
6709,29.38,28.455643
6710,29.24,28.44006
6711,28.952,28.421186
6712,28.968,28.308088
6713,29.001999,28.208647
6714,29.28,28.148167
6715,29.32,28.171095
6716,29.28,28.215727
6717,29.4,28.245121
6718,29.72,28.288166
6719,29.819998,28.378073
6720,29.124,28.436108
6721,29.141998,28.41812
6722,29.133999,28.345541
6723,29.133999,28.285515
6724,29.13,28.24013
6725,29.105999,28.211014
6726,29.8,28.188366
6727,29.8,28.315037
6728,29.679998,28.42575
6729,29.74,28.440233
6730,29.584,28.450483
6731,29.119999,28.449936
6732,29.132,28.426224
6733,29.151999,28.351484
6734,29.172,28.289719
6735,29.06,28.250565
6736,28.742,28.205446
6737,27.904,28.104456
6738,26.425999,27.84151
6739,25.199999,27.298424
6740,24.335999,26.54601
6741,23.636,25.474592
6742,23.116,24.385263
6743,22.798,23.42477
6744,22.434,22.643742
6745,22.314,21.98891
6746,22.198,21.498486
6747,21.886,21.138163
6748,21.712,20.7991
6749,21.474,20.497046
6750,21.289999,20.204147
6751,21.136,19.92989
6752,21.226,19.681734
6753,21.396,19.536633
6754,21.386,19.511639
6755,21.242,19.517735
6756,21.188,19.480818
6757,21.278,19.42568
6758,20.984001,19.411602
6759,21.308,19.311388
6760,20.878,19.327667
6761,20.786,19.221197
6762,20.656,19.08386
6763,20.562,18.932259
6764,20.466,18.786167
6765,20.632,18.647966
6766,20.624,18.604692
6767,20.49,18.59209
6768,20.727999,18.5446
6769,20.702,18.582396
6770,20.702,18.620907
6771,20.766,18.649233
6772,20.782001,18.689419
6773,20.83,18.726816
6774,20.872,18.770025
6775,20.915998,18.81718
6776,20.948,18.86753
6777,20.966,18.915983
6778,20.876,18.957136
6779,20.778,18.95508
6780,20.642,18.910515
6781,20.564001,18.822136
6782,20.495998,18.720804
6783,20.632,18.620642
6784,21.515999,18.59358
6785,22.378,18.889404
6786,22.918,19.471027
6787,23.355999,20.144304
6788,23.820002,20.805454
6789,24.362,21.442148
6790,24.618,22.083801
6791,25.048,22.638802
6792,25.230001,23.165169
6793,25.524,23.604912
6794,25.815998,24.003761
6795,26.206,24.382345
6796,26.264,24.78275
6797,26.452,25.100069
6798,26.614,25.370836
6799,26.43,25.597857
6800,26.182,25.701992
6801,25.206001,25.67468
6802,24.4,25.326067
6803,23.598,24.706976
6804,23.161999,23.93165
6805,22.722,23.182552
6806,22.449999,22.490053
6807,22.23,21.902876
6808,22.264,21.423561
6809,22.082,21.108667
6810,21.764,20.854647
6811,21.501999,20.575388
6812,21.382,20.276628
6813,21.265999,20.012913
6814,21.146,19.788727
6815,21.390001,19.593445
6816,21.13,19.539642
6817,21.416,19.445171
6818,20.928,19.46326
6819,20.878,19.337656
6820,20.726,19.195705
6821,20.622,19.036615
6822,20.618,18.880913
6823,20.566,18.766382
6824,20.634,18.674473
6825,20.662,18.635435
6826,20.638,18.628492
6827,20.492,18.6227
6828,20.794,18.569342
6829,20.994,18.621397
6830,20.848,18.751568
6831,21.016,18.815346
6832,21.154,18.903826
6833,20.85,19.020893
6834,20.566,19.010498
6835,20.398,18.877481
6836,20.292002,18.694948
6837,20.216,18.513987
6838,20.32,18.355291
6839,20.353998,18.279684
6840,20.546,18.255108
6841,21.210001,18.314371
6842,21.308,18.601892
6843,21.418,18.897354
6844,21.606,19.152996
6845,21.654001,19.39443
6846,21.764,19.584152
6847,21.880001,19.748446
6848,21.943998,19.902096
6849,21.988,20.033764
6850,21.97,20.139975
6851,21.97,20.205845
6852,21.956,20.244743
6853,21.934,20.262302
6854,21.928,20.262764
6855,21.918001,20.256905
6856,21.924,20.247864
6857,21.880001,20.242502
6858,21.779999,20.224533
6859,21.738,20.174767
6860,21.722,20.116796
6861,21.693998,20.067026
6862,21.647999,20.023006
6863,21.568,19.97657
6864,21.522001,19.915022
6865,21.539999,19.85094
6866,21.512001,19.809505
6867,21.499998,19.774925
6868,21.475998,19.747128
6869,21.397999,19.720232
6870,21.321999,19.674404
6871,21.27,19.61084
6872,21.198,19.542673
6873,21.212,19.467363
6874,21.218,19.415293
6875,21.237999,19.38454
6876,21.288,19.373695
6877,21.304,19.38725
6878,21.633999,19.408205
6879,22.514,19.536652
6880,23.282,19.952066
6881,24.015999,20.58041
6882,24.524,21.335354
6883,24.967999,22.08668
6884,25.339998,22.781128
6885,25.394,23.397533
6886,25.528,23.849741
6887,25.726,24.187206
6888,25.944,24.472967
6889,26.358,24.74184
6890,26.237999,25.070332
6891,26.302,25.285603
6892,26.390001,25.430298
6893,26.5,25.547323
6894,26.57,25.660559
6895,26.509998,25.763775
6896,26.446,25.818771
6897,26.383999,25.828526
6898,26.353998,25.806684
6899,26.342001,25.774029
6900,26.353998,25.743952
6901,26.369999,25.726063
6902,26.38,25.720566
6903,26.383999,25.72231
6904,26.386,25.72659
6905,26.41,25.73088
6906,26.428,25.741278
6907,26.452,25.755747
6908,26.461998,25.774563
6909,26.492,25.792437
6910,26.52,25.81439
6911,26.533998,25.83959
6912,26.894,26.427925
6913,26.907999,26.429443
6914,26.926,26.433798
6915,26.918,26.442125
6916,26.914,26.447168
6917,26.912,26.449102
6918,26.921999,26.44931
6919,26.928001,26.451544
6920,26.936,26.455149
6921,26.939999,26.4601
6922,26.948,26.465034
6923,26.939999,26.470642
6924,26.95,26.472921
6925,26.9525,26.47631
6926,26.98,26.47968
6927,26.982,26.488976
6928,26.986,26.497663
6929,26.99,26.504898
6930,26.98,26.510864
6931,26.977999,26.51246
6932,26.982,26.51212
6933,26.99,26.512415
6934,27.036,26.514769
6935,27.039999,26.528404
6936,27.034,26.542011
6937,27.039999,26.550507
6938,27.16,26.55704
6939,27.24,26.587301
6940,27.24,26.631332
6941,27.179998,26.667088
6942,27.1,26.67864
6943,27.2,26.664473
6944,27.2,26.669388
6945,27.24,26.677433
6946,27.279999,26.692572
6947,27.2,26.713846
6948,27.16,26.713858
6949,27.039999,26.700413
6950,27.08,26.66187
6951,26.999998,26.63625
6952,26.998001,26.603365
6953,27.08,26.5771
6954,27.119999,26.576836
6955,27.037998,26.591211
6956,26.99,26.587715
6957,26.972,26.570734
6958,26.966,26.549152
6959,26.958,26.53038
6960,26.956,26.515514
6961,26.942,26.505037
6962,26.92,26.494888
6963,26.91,26.482077
6964,26.91,26.469545
6965,26.91,26.460447
6966,26.9,26.454554
6967,27.028,26.44846
6968,27.349998,26.475775
6969,27.21,26.580616
6970,27.294,26.634706
6971,27.333998,26.68339
6972,27.321999,26.726387
6973,27.273998,26.754087
6974,27.251999,26.760662
6975,27.216,26.755905
6976,27.201998,26.742125
6977,27.198,26.726927
6978,27.216,26.71459
6979,27.254,26.710022
6980,27.284,26.716566
6981,27.324,26.730295
6982,27.373999,26.750486
6983,27.416,26.777515
6984,27.472,26.80784
6985,27.512001,26.842768
6986,27.588,26.877993
6987,27.66,26.92007
6988,27.75,26.967842
6989,27.817999,27.023338
6990,27.855999,27.08029
6991,27.82,27.1305
6992,27.227999,27.158163
6993,26.149998,27.047558
6994,24.859999,26.70424
6995,24.03,25.969152
6996,22.949999,24.985441
6997,22.322,23.847378
6998,21.906,22.770447
6999,21.494,21.855215
7000,22.206,21.082253
7001,21.856,20.790125
7002,21.765999,20.56825
7003,21.802,20.39138
7004,21.546,20.284416
7005,21.328,20.135347
7006,21.244,19.942677
7007,21.326,19.763296
7008,21.056,19.66315
7009,20.804,19.516401
7010,20.702,19.312769
7011,20.536,19.115864
7012,20.508001,18.916735
7013,20.41,18.760918
7014,20.298,18.622314
7015,20.35,18.486698
7016,19.887999,18.405922
7017,19.855999,18.200802
7018,20.032,18.011087
7019,20.17,17.936184
7020,19.935999,17.955112
7021,19.76,17.910183
7022,19.637999,17.802273
7023,19.59,17.666904
7024,19.57,17.544958
7025,19.418001,17.451918
7026,19.289999,17.338173
7027,19.342,17.206146
7028,19.32,17.12316
7029,19.378,17.066072
7030,19.484,17.050367
7031,19.014002,17.08476
7032,18.684,16.959774
7033,18.604,16.717997
7034,18.640001,16.486658
7035,18.732,16.332075
7036,18.802,16.26822
7037,18.702002,16.266422
7038,18.734,16.244965
7039,18.977999,16.235807
7040,19.778,16.315937
7041,20.509998,16.670202
7042,21.368,17.243992
7043,21.856,18.008595
7044,22.325998,18.777998
7045,22.784,19.499577
7046,23.328001,20.172974
7047,23.614,20.838793
7048,24.092001,21.421064
7049,24.288,21.989143
7050,24.545,22.467781
7051,25.6575,22.883856
7052,25.6575,23.545773
7053,25.6575,24.08592
7054,25.6575,24.453133
7055,25.6575,24.681452
7056,24.466,24.816889
7057,23.168,24.500696
7058,22.161999,23.727793
7059,21.4,22.714613
7060,21.052,21.658382
7061,20.638,20.756378
7062,20.408,19.990107
7063,20.306,19.381704
7064,20.236,18.937574
7065,19.855999,18.624874
7066,19.774,18.295645
7067,19.674,18.022787
7068,19.452,17.801605
7069,19.386,17.575237
7070,19.378,17.386074
7071,19.27,17.253685
7072,19.352,17.132853
7073,19.029999,17.07536
7074,19.64,16.937098
7075,18.986,17.027132
7076,18.904001,16.920723
7077,18.864,16.769396
7078,18.914,16.634495
7079,18.974,16.556837
7080,18.856,16.533747
7081,18.84,16.488815
7082,18.726002,16.445456
7083,18.796001,16.374825
7084,18.862,16.340916
7085,18.852,16.34729
7086,18.696,16.357733
7087,18.686,16.312767
7088,18.608,16.263348
7089,19.082,16.199663
7090,18.967999,16.312794
7091,18.74,16.397087
7092,18.52,16.37368
7093,18.41,16.256021
7094,18.383999,16.110365
7095,18.442,15.988292
7096,18.463999,15.924341
7097,18.47,15.898405
7098,18.367998,15.890214
7099,18.388,15.853186
7100,18.289999,15.826395
7101,18.244,15.775357
7102,18.28,15.71659
7103,18.232,15.683975
7104,18.288,15.649708
7105,18.294,15.643595
7106,18.254,15.647716
7107,18.044,15.639314
7108,17.896,15.557928
7109,17.882,15.430524
7110,17.812,15.321823
7111,17.826,15.2224045
7112,17.818,15.156609
7113,17.862,15.113385
7114,17.82,15.102134
7115,17.818,15.086778
7116,17.712,15.07388
7117,17.678,15.028493
7118,17.686,14.976038
7119,17.702,14.938773
7120,17.723999,14.920507
7121,17.806,14.919168
7122,17.723999,14.95037
7123,17.736,14.952414
7124,17.72,14.951367
7125,17.657999,14.944364
7126,17.633999,14.916495
7127,17.564,14.883
7128,17.47,14.833073
7129,17.468,14.760323
7130,17.501999,14.70116
7131,17.368,14.67268
7132,17.376001,14.612676
7133,17.4,14.564239
7134,17.652,14.539708
7135,18.494,14.614088
7136,19.236,14.981476
7137,19.866,15.573242
7138,20.439999,16.274734
7139,21.1,17.010708
7140,21.544,17.783775
7141,22.044,18.51033
7142,22.324001,19.19864
7143,22.712,19.789345
7144,22.966,20.330925
7145,23.264,20.80218
7146,23.307999,21.231712
7147,23.518,21.551544
7148,23.638,21.831232
7149,23.744,22.06698
7150,23.838,22.265076
7151,23.938,22.433006
7152,24.28,22.582588
7153,24.512001,22.802605
7154,24.182,23.057703
7155,24.254,23.14186
7156,24.428001,23.188251
7157,24.59,23.271797
7158,24.572,23.39581
7159,24.566,23.489866
7160,24.576,23.549885
7161,24.609999,23.589203
7162,24.662,23.62461
7163,24.712,23.666988
7164,24.763998,23.716312
7165,24.803999,23.771378
7166,24.862,23.826271
7167,24.924,23.885761
7168,25.387999,24.790106
7169,25.396,24.807762
7170,25.411999,24.823774
7171,25.421999,24.840408
7172,25.433998,24.856035
7173,25.44,24.87122
7174,25.46,24.88422
7175,25.476,24.899841
7176,25.492,24.91716
7177,25.508,24.935522
7178,25.516,24.954493
7179,25.529999,24.971178
7180,25.54,24.987488
7181,25.556665,25.002651
7182,25.572,25.018984
7183,25.588001,25.036282
7184,25.592,25.054451
7185,25.604,25.069286
7186,25.611998,25.08334
7187,25.632,25.0961
7188,25.63,25.11173
7189,25.634,25.123192
7190,25.65,25.131947
7191,25.659998,25.143002
7192,25.661999,25.154928
7193,25.659998,25.164532
7194,25.672,25.170368
7195,25.682001,25.177727
7196,25.689999,25.18676
7197,25.697998,25.196402
7198,25.706,25.206242
7199,25.721998,25.216131
7200,25.726,25.228659
7201,25.734,25.23976
7202,25.736,25.250208
7203,25.742,25.25837
7204,25.758,25.265795
7205,25.755999,25.276333
7206,25.758,25.284117
7207,25.762,25.289848
7208,25.774,25.294891
7209,25.769999,25.302368
7210,25.774,25.307098
7211,25.776,25.311245
7212,25.778,25.314804
7213,25.782,25.317934
7214,25.779999,25.321445
7215,25.786,25.323448
7216,25.803999,25.326536
7217,25.802,25.33498
7218,25.81,25.341736
7219,25.815998,25.348938
7220,25.82,25.356295
7221,25.824,25.362614
7222,25.826,25.368301
7223,25.828001,25.372953
7224,25.834,25.376738
7225,25.839998,25.38114
7226,25.852001,25.386349
7227,25.855999,25.394022
7228,25.985998,25.401443
7229,26.382,25.446524
7230,26.196001,25.60907
7231,26.242,25.698797
7232,26.282001,25.761734
7233,26.344,25.813196
7234,26.390001,25.867096
7235,26.461998,25.921007
7236,26.523998,25.982153
7237,26.492,26.047274
7238,26.522,26.086378
7239,26.562,26.118029
7240,26.674,26.151499
7241,26.735998,26.210003
7242,26.762,26.277231
7243,26.788,26.336227
7244,26.85,26.385523
7245,26.921999,26.437931
7246,26.918,26.498611
7247,26.878,26.543844
7248,26.57,26.561499
7249,25.884,26.475945
7250,24.75,26.183506
7251,23.953999,25.575893
7252,23.116,24.763895
7253,22.408,23.837854
7254,22.192001,22.896528
7255,21.64,22.129072
7256,21.397999,21.420086
7257,21.2,20.8322
7258,21.162,20.362202
7259,20.651999,20.03213
7260,20.438,19.649357
7261,20.196001,19.284056
7262,20.284,18.938
7263,19.872,18.718025
7264,19.692001,18.445473
7265,19.668001,18.17212
7266,19.634,17.963715
7267,19.588,17.814507
7268,19.238,17.70303
7269,19.133999,17.510078
7270,18.862,17.314291
7271,18.748001,17.076817
7272,18.794,16.854097
7273,18.738,16.71041
7274,18.676,16.604109
7275,18.762001,16.51361
7276,18.7,16.48047
7277,18.788,16.44827
7278,18.664,16.45517
7279,18.48,16.426561
7280,18.74,16.334162
7281,18.838,16.341263
7282,18.674,16.403189
7283,18.655998,16.404734
7284,18.626,16.38588
7285,18.585999,16.357061
7286,18.539999,16.319866
7287,18.418,16.27491
7288,18.288,16.198248
7289,18.248001,16.090034
7290,18.286,15.98981
7291,18.27,15.93128
7292,18.218,15.892573
7293,18.162,15.850948
7294,18.184,15.800382
7295,18.334,15.768879
7296,19.362,15.801904
7297,20.242,16.194393
7298,20.73,16.866566
7299,21.258,17.590324
7300,21.674,18.312857
7301,22.145998,18.98278
7302,22.504002,19.619251
7303,22.987999,20.199556
7304,23.23,20.775103
7305,23.53,21.277166
7306,23.786,21.72905
7307,24.162,22.13461
7308,24.208,22.546429
7309,24.402,22.864689
7310,24.47,23.140821
7311,23.842001,23.355947
7312,23.11,23.289663
7313,21.96,22.930817
7314,21.210001,22.212353
7315,20.482,21.347544
7316,20.146,20.43314
7317,19.723999,19.63725
7318,19.448,18.937061
7319,19.282,18.348965
7320,19.16,17.887857
7321,18.905998,17.537376
7322,18.792,17.21893
7323,18.765999,16.953838
7324,18.686,16.763065
7325,18.501999,16.613224
7326,18.402,16.449823
7327,18.432,16.292992
7328,18.348,16.190083
7329,18.318,16.098398
7330,18.218,16.023527
7331,18.286,15.938272
7332,18.188002,15.896896
7333,17.966,15.842983
7334,17.890001,15.724227
7335,17.718,15.59627
7336,17.708,15.441227
7337,17.664,15.318006
7338,17.596,15.219973
7339,17.588,15.130624
7340,17.538,15.064447
7341,17.52,15.004073
7342,17.394001,14.955036
7343,17.352001,14.878336
7344,17.348,14.801379
7345,17.406,14.743545
7346,17.454,14.725627
7347,17.484,14.738299
7348,17.44,14.764938
7349,17.508,14.772567
7350,17.484,14.797172
7351,17.55,14.810849
7352,17.59,14.8411
7353,17.528,14.880835
7354,17.345999,14.890778
7355,17.298,14.828509
7356,17.21,14.749813
7357,17.174,14.658089
7358,17.428,14.575512
7359,18.428001,14.604632
7360,19.162,14.995944
7361,19.684,15.618219
7362,20.298,16.30634
7363,20.737999,17.035997
7364,21.276,17.73063
7365,21.522001,18.415283
7366,21.854,18.997282
7367,22.265999,19.511042
7368,22.456001,20.01178
7369,22.685999,20.439781
7370,22.89,20.814266
7371,23.236,21.145115
7372,23.25,21.49398
7373,23.425999,21.758013
7374,23.576,21.991032
7375,23.74,22.204985
7376,23.9,22.412132
7377,24.044,22.615498
7378,24.532,22.81177
7379,24.210001,23.11696
7380,24.314,23.258064
7381,24.421999,23.358246
7382,24.5,23.458271
7383,24.561998,23.557491
7384,24.657999,23.650642
7385,24.682,23.749401
7386,24.28,23.831116
7387,23.632,23.7529
7388,22.480001,23.44204
7389,21.494,22.773993
7390,20.79,21.866999
7391,20.348,20.90824
7392,19.72,20.043499
7393,19.498,19.218021
7394,19.32,18.54334
7395,19.066,18.022972
7396,18.73,17.590359
7397,18.592001,17.178234
7398,18.4,16.833656
7399,18.374,16.53083
7400,18.234001,16.30991
7401,18.136,16.119
7402,18.128,15.952739
7403,18.1,15.83411
7404,17.954,15.748683
7405,18.458,15.643563
7406,19.314,15.7357025
7407,19.863998,16.14286
7408,20.428,16.702372
7409,20.939999,17.340633
7410,21.358,18.001575
7411,21.714,18.633736
7412,22.193998,19.209244
7413,22.272,19.78004
7414,22.514,20.22375
7415,22.738,20.60132
7416,22.925999,20.938313
7417,23.348,21.239273
7418,23.21,21.593748
7419,23.328001,21.818989
7420,23.449999,21.993698
7421,23.532001,22.15105
7422,23.6,22.289782
7423,23.672,22.409796
7424,24.957998,23.945341
7425,24.988,23.976381
7426,25.22,24.008987
7427,25.58,24.109371
7428,25.8,24.316507
7429,25.581999,24.564886
7430,25.265999,24.685146
7431,25.12,24.640278
7432,25.121998,24.521408
7433,25.128,24.417837
7434,25.136,24.347403
7435,25.147999,24.306038
7436,25.156,24.28635
7437,25.166666,24.279541
7438,25.183998,24.281015
7439,25.202,24.289684
7440,25.21,24.303513
7441,25.21,24.31736
7442,25.21,24.327494
7443,25.222,24.33419
7444,25.238,24.342323
7445,25.238,24.353867
7446,25.252,24.363087
7447,25.268,24.373894
7448,25.279999,24.387424
7449,25.282,24.4019
7450,25.296,24.41338
7451,25.31,24.42569
7452,25.32,24.439487
7453,25.336,24.45321
7454,25.355999,24.4685
7455,25.366,24.486616
7456,25.382,24.503826
7457,25.39,24.521467
7458,25.382,24.537107
7459,25.387999,24.545502
7460,25.397999,24.551935
7461,25.4,24.559467
7462,25.396,24.565899
7463,25.409998,24.569048
7464,25.404,24.575178
7465,25.409998,24.57839
7466,25.404,24.582037
7467,25.404,24.582838
7468,25.42,24.582766
7469,25.414,24.587748
7470,25.416,24.590597
7471,25.406,24.59285
7472,25.401999,24.59109
7473,25.396,24.587564
7474,25.401999,24.582602
7475,25.404,24.580599
7476,25.394,24.580471
7477,25.392,24.577528
7478,25.404,24.574072
7479,25.404,24.575346
7480,25.432001,24.577374
7481,25.43,24.588205
7482,25.449999,24.597513
7483,25.462,24.610537
7484,25.47,24.624868
7485,25.48,24.638296
7486,25.492,24.651205
7487,25.519999,24.664474
7488,25.557999,24.683447
7489,25.58,24.711107
7490,25.602,24.740583
7491,25.624,24.769808
7492,25.64,24.798357
7493,25.666,24.824368
7494,25.683998,24.851334
7495,25.706,24.877214
7496,25.742,24.903116
7497,25.778,24.933876
7498,25.824,24.969305
7499,25.855999,25.011381
7500,25.911999,25.054207
7501,25.970001,25.104052
7502,26.076,25.16113
7503,26.173998,25.234863
7504,25.526001,25.322319
7505,24.762001,25.193422
7506,23.627998,24.788256
7507,22.508,24.055256
7508,21.952,23.06375
7509,21.359999,22.091055
7510,20.699999,21.183886
7511,20.386,20.311878
7512,20.24,19.575106
7513,19.887999,19.017197
7514,19.774,18.529566
7515,19.46,18.148775
7516,19.276001,17.787922
7517,19.102,17.46551
7518,18.818,17.179197
7519,18.628,16.881145
7520,18.487999,16.595657
7521,18.388,16.341953
7522,18.262,16.129368
7523,18.415998,15.940268
7524,18.439999,15.859969
7525,18.116001,15.834411
7526,17.802,15.717619
7527,17.69,15.503937
7528,17.67,15.286894
7529,17.616,15.120465
7530,17.508,14.991798
7531,17.446001,14.869388
7532,17.32,14.760084
7533,17.21,14.64001
7534,17.14,14.512024
7535,17.46,14.392571
7536,17.604,14.416537
7537,16.916,14.516216
7538,16.88,14.371352
7539,16.982,14.196873
7540,17.52,14.097279
7541,17.122,14.225549
7542,17.174,14.235748
7543,17.164,14.233867
7544,17.174,14.2263365
7545,17.14,14.222949
7546,17.122,14.209833
7547,17.276,14.19186
7548,16.894,14.230258
7549,16.78,14.140538
7550,16.764,14.006386
7551,16.86,13.892782
7552,17.866001,13.847057
7553,18.592001,14.173142
7554,19.488,14.745241
7555,20.062,15.526728
7556,20.56,16.342588
7557,21.132,17.117365
7558,21.348,17.869612
7559,21.647999,18.488558
7560,21.859999,19.009748
7561,22.184,19.440956
7562,22.308,19.845194
7563,22.505999,20.176683
7564,22.674,20.469164
7565,22.82,20.730717
7566,22.916,20.963715
7567,22.468,21.159847
7568,21.954,21.144606
7569,21.140001,20.912094
7570,20.244001,20.41772
7571,19.51,19.6928
7572,19.144001,18.860445
7573,18.732,18.097818
7574,18.472,17.415215
7575,18.196001,16.845062
7576,18.297998,16.359154
7577,17.784,16.05751
7578,17.64,15.703366
7579,17.512001,15.382733
7580,17.418001,15.111902
7581,17.398,14.893114
7582,17.284,14.738181
7583,17.19,14.600688
7584,17.314001,14.472109
7585,17.251999,14.422561
7586,17.208,14.383282
7587,16.932001,14.341943
7588,16.912,14.216835
7589,16.944,14.099196
7590,16.921999,14.025644
7591,16.936,13.974622
7592,16.904001,13.947204
7593,16.838001,13.921643
7594,16.828,13.880791
7595,16.81,13.843937
7596,16.722,13.811763
7597,16.65,13.759192
7598,16.622,13.691314
7599,16.654,13.628566
7600,16.688,13.594757
7601,16.658,13.588391
7602,16.640001,13.5797415
7603,16.696,13.566705
7604,16.66,13.575331
7605,16.576,13.574299
7606,16.544,13.542602
7607,16.58,13.501418
7608,16.562,13.481393
7609,16.572,13.465441
7610,16.61,13.458153
7611,16.72,13.467822
7612,16.794,13.516435
7613,16.869999,13.586279
7614,17.108,13.668284
7615,17.960001,13.812557
7616,18.732,14.223818
7617,19.366,14.850029
7618,20.024,15.574337
7619,20.396,16.351526
7620,20.821999,17.059372
7621,21.294,17.706558
7622,21.484,18.326809
7623,21.706,18.837257
7624,21.93,19.260256
7625,22.308,19.625528
7626,22.286001,20.006786
7627,22.396,20.282291
7628,22.472,20.496572
7629,22.584,20.664629
7630,22.685999,20.814487
7631,22.798,20.954145
7632,22.772,21.091475
7633,22.472,21.182781
7634,22.024,21.138367
7635,20.942,20.924044
7636,20.148,20.3638
7637,19.586,19.605616
7638,19.216002,18.814478
7639,18.834002,18.097876
7640,18.606,17.46066
7641,18.312,16.934525
7642,18.210001,16.47439
7643,18.366001,16.11776
7644,17.963999,15.9337015
7645,17.786,15.701261
7646,17.626,15.459144
7647,17.438,15.225068
7648,17.332,14.991382
7649,17.25,14.784482
7650,17.472,14.611241
7651,17.872,14.568139
7652,18.576,14.703304
7653,19.39,15.083886
7654,19.954,15.696822
7655,20.416,16.391357
7656,20.807999,17.07594
7657,21.262,17.708132
7658,21.348,18.313383
7659,21.52,18.778004
7660,21.674,19.143463
7661,21.82,19.440502
7662,22.0,19.691433
7663,22.428,19.925146
7664,22.198,20.236032
7665,22.296,20.40414
7666,22.386,20.527082
7667,22.462,20.636751
7668,22.538,20.739437
7669,22.604,20.838453
7670,22.656,20.932196
7671,22.712,21.016966
7672,22.766,21.095814
7673,22.828,21.170254
7674,22.874,21.244507
7675,22.911999,21.314238
7676,22.949999,21.376953
7677,22.99,21.433865
7678,23.26,21.48778
7679,23.6,21.616873
